1.0 0.0 0.0 0.0 0.0 1.0 0.0 0.0 0.0 0.0 1.0 0.0
0.9999657573633115 -0.0012504502875519063 0.008180493560721392 -0.025010542781667006 0.0012564040822894988 0.999998949572399 -0.0007227052515458067 0.0013300951696422908 -0.008179581260715559 0.0007329585097172691 0.999966278042526 0.07833137539117828
0.9999750880733962 -0.0029975583633411336 0.006390451976314319 -0.027727654113827955 0.003002978798946555 0.9999951392697509 -0.0008387819766849512 -0.0019453705580174776 -0.006387906616121866 0.0008579514728104801 0.9999792290684513 0.17534408350261824
0.9999931414953249 -0.001894110793907872 0.0031826571619944727 -0.02439164609611049 0.0019063323487807438 0.9999908046833536 -0.0038414119428479107 -0.001109862884200176 -0.003175351836629306 0.0038474527988091476 0.9999875570464237 0.26042230363809055
0.9999892413899447 -0.0016437462571880195 0.004337649433076711 -0.024883645329898202 0.0016603601445343964 0.9999912896352725 -0.0038293416894885127 -0.003101726127827933 -0.004331317184498507 0.0038365025513341796 0.9999832603297023 0.3172437814146867
0.9999700371787702 -0.001487341022921466 0.007596878396440015 -0.038104866687746125 0.0015232195408387585 0.9999877044153919 -0.004719196993690339 -0.003174137666758959 -0.007589765933094981 0.004730627306857332 0.9999600075094828 0.41161311046147275
0.9998755651051731 -0.001305933482929754 0.01572096827007076 -0.055649038198176695 0.0014061533005513983 0.9999787510340702 -0.0063655489344251175 -0.0008233912185160578 -0.015712321232260924 0.006386862929433801 0.9998561551260338 0.4945011502121781
0.9997613713746565 -0.0008197253230577146 0.021829529483260928 -0.07141775366805803 0.0009752044842066363 0.9999742286836582 -0.007112731172841533 -0.00164484675365401 -0.021823136421692556 0.007132322126619545 0.9997364056078997 0.5606603765824564
0.9994536612467465 -0.0006798700148422254 0.03304416434465232 -0.09864416582990844 0.0009141610105034537 0.999974549437547 -0.007075647448975387 -0.010013786502844617 -0.03303851283154783 0.007101989435238229 0.999428846099582 0.6337072767169172
0.999397200829225 0.002983693176376956 0.03458804055939672 -0.1096863250006504 -0.0026307711591549376 0.9999440619531075 -0.0102446087201137 -0.0141210946221797 -0.03461667254109489 0.010147440058916971 0.9993491459156975 0.7222588518224393
0.9991245275180395 0.0059952191121309985 0.041403331504261766 -0.13178704358551643 -0.005494101975793573 0.9999104040403114 -0.01220650381644807 -0.017240538780924415 -0.04147280259801406 0.011968343232833856 0.9990679483423177 0.8073397667765512
0.9985162489480588 0.009927517902186909 0.05354199263195186 -0.1619402474825375 -0.009191945851029787 0.9998602052843568 -0.013967033335523385 -0.019634476979240624 -0.053673165717795825 0.013454154638090222 0.9984679148599646 0.8858118417674783
0.9980140929683198 0.010611503077504364 0.062090790291780315 -0.18656025135751758 -0.009791341940235457 0.9998609508758686 -0.013498464231658278 -0.025402348302296776 -0.062225395616509506 0.012863705377537518 0.997979220837954 0.9792031661803563
0.9972421562577493 0.008018978754765387 0.07378196095337304 -0.21107895983851682 -0.0071504203330262795 0.9999020874546782 -0.012028590642218584 -0.029418942769716388 -0.07387119378658707 0.011467845634976354 0.9972018528086666 1.0645812148456992
0.9965164956557709 0.004101481056319447 0.08329496826991288 -0.236716099762216 -0.0030624796576880185 0.9999159560800192 -0.012597698001122284 -0.031872809899038235 -0.08333963705396971 0.012298724719493791 0.9964453052054525 1.1548567127216103
0.9951041825522247 0.0054509449079971056 0.0986810674176048 -0.2710543328623387 -0.003463521356424431 0.9997879347924296 -0.020299986780842712 -0.031248824805649833 -0.09877079470613515 0.019858817766895905 0.9949120350412995 1.2469942176569417
0.995697956346124 0.003826826304681906 0.09257934504296879 -0.25660338678026645 -0.0016462880206997012 0.9997196983126464 -0.023618097752029388 -0.034763565789584866 -0.09264377725408328 0.02336407939777027 0.9954251605871687 1.3515621832862532
0.9953921358274466 0.006692653766838602 0.09565408678373612 -0.2643306944984839 -0.004297463095748105 0.9996725812004768 -0.025224238480425706 -0.04350402684832944 -0.09579158493215365 0.024696938707741308 0.9950949871618548 1.4547988541216907
0.9954660623420069 0.011602489854421071 0.09440710224594885 -0.26165754176740774 -0.008918632266904598 0.9995453767365898 -0.028801004201191346 -0.042771670505489905 -0.09469834594007823 0.02782844001533995 0.995116978652523 1.570727993519552
0.995830417202089 0.01379002063791742 0.09017547064428802 -0.24916935147808908 -0.01131089545219282 0.9995454468331659 -0.027945721661048934 -0.04686654826803289 -0.09051985317698331 0.026809234339926057 0.9955337368140392 1.689757950204614
0.9963258348455959 0.013577742712817241 0.08456048558310458 -0.23355154160249897 -0.01104210140040329 0.9994773668354937 -0.030381987760050785 -0.048271305223525456 -0.08492881028184208 0.029336633863025364 0.9959550487334746 1.8146790344089843
0.9966203404272852 0.011343886033254981 0.08135854777628475 -0.22826559894078893 -0.008501436940722449 0.9993441621517407 -0.03519902190656941 -0.05164848261743737 -0.08170448345436385 0.034388396631723904 0.9960631584194624 1.9386817673396646
0.9969169240016493 0.009968609413286028 0.0778284874930403 -0.21997798934876991 -0.006844143161346404 0.9991637992229211 -0.04030955255030986 -0.05559330105483676 -0.07816523743631815 0.0396526058259044 0.9961515278850599 2.080866203502043
0.9969809349549101 0.009341383210224725 0.07708277301805153 -0.21456478952531022 -0.005845237961906536 0.9989491805062707 -0.04545732019180121 -0.05927342479766143 -0.07742640718515496 0.04486951443431262 0.9959878905613397 2.2134329426467474
0.9971169517352735 0.012022975997265511 0.07492150966394867 -0.20162650494413528 -0.008508800651408242 0.9988563579848664 -0.04704866017948056 -0.06614388535659498 -0.07540149118970114 0.04627552443115938 0.9960789080012639 2.333202252493091
0.9975498628922326 0.012408750834997932 0.0688497926387759 -0.18590065753676582 -0.008918011100711241 0.9986701231229586 -0.050778482249699955 -0.07433319654897286 -0.0693883284255724 0.05004006479102965 0.9963339057735686 2.4670677864752726
0.9978030162053905 0.01343645945018195 0.06487374206000993 -0.17386743958849527 -0.010038910905354439 0.9985748495537383 -0.05241650605070734 -0.08178435024711868 -0.06548557947563301 0.051650086119706576 0.9965158842108676 2.6142707858055263
0.9979938777893553 0.017585603166470096 0.06081912903221061 -0.1629096032743737 -0.014360416365841296 0.9984877681828113 -0.05306557482124386 -0.09093216822120956 -0.061660346550801416 0.05208573077706399 0.9967372162775172 2.720800463638269
0.9984290116281995 0.01945728089797953 0.052544485526014054 -0.1334253790405519 -0.016636917755875287 0.9984244371469405 -0.05358970307251126 -0.09892624271098877 -0.05350440829240731 0.052631335987915084 0.9971796331481135 2.8562778857666764
0.9984874155795221 0.024011425571664823 0.04946041216309152 -0.1218555609096951 -0.02127926279471088 0.9982571541833154 -0.05504404687832102 -0.1110528418069115 -0.05069589632544359 0.05390830700221969 0.9972581513990818 2.9950787993069605
0.9984924084025234 0.031076176852375553 0.045245790906648355 -0.0994144669980841 -0.028501619168532204 0.9979970762001521 -0.05647560181813412 -0.12216231968314917 -0.04691021282514316 0.05510088137397037 0.9973782255516266 3.0934451882453358
0.9985497496482159 0.03285252274634794 0.04265101671338889 -0.09310245719034571 -0.030313710318374806 0.9978055468755435 -0.05886569112081945 -0.12674687925608008 -0.044491307513027156 0.05748741056612966 0.9973543608879355 3.218241795832069
0.9986043642595032 0.03451436297667855 0.039976023191247184 -0.0853855405791909 -0.03206116587483835 0.9976554766447724 -0.060461819054995224 -0.13702325743009652 -0.04196909964032052 0.05909575846883568 0.9973696837213238 3.3633776267117437
0.9988791461722567 0.029166594863357438 0.037279499544113325 -0.06722308613757418 -0.02682415962198534 0.9977242855779067 -0.06186044316548903 -0.13702316283793586 -0.0389989205332279 0.06079111540458208 0.9973883518896284 3.473374274328637
0.998854294664391 0.030275879517405523 0.037060344708987995 -0.06049033081603257 -0.027904418406171812 0.997628732762263 -0.06291466443187094 -0.15104249096287092 -0.038877261527977665 0.06180843540010674 0.9973305750098487 3.6006818358633037
0.9986991754305076 0.03150039390058081 0.040095912242168366 -0.07594315263696184 -0.02890831751367035 0.9975527269459213 -0.0636621248568239 -0.1630670828140817 -0.0420031686060973 0.062420206238567234 0.9971657092380293 3.7525424832685044
0.9984322602594007 0.035036631764104174 0.043651530419106535 -0.10137564091261854 -0.03223955601124614 0.9974792501534335 -0.06321199681660669 -0.1803013333644072 -0.04575623128603733 0.061705590897191284 0.9970450277447487 3.9034442561949767
0.9980729575906906 0.03914093966877214 0.04814933195815362 -0.13777743926304267 -0.03595074738598479 0.9972095543147204 -0.06542666540353824 -0.19497134626604018 -0.050575835025830705 0.06356958097457444 0.9966950352470693 4.058628862736758
0.9978232248475876 0.03886612698026934 0.053275098576290356 -0.1748892808046839 -0.03526427080105642 0.9971324500319036 -0.06695751114134695 -0.20417721695406493 -0.055724708699369956 0.06493305219167984 0.9963325025178303 4.210731248053061
0.9978848018427 0.031848768813712076 0.05667078768117832 -0.20305479725503014 -0.02800181010518976 0.9973311321247897 -0.06742782456463173 -0.20515227942063952 -0.05866703403264363 0.06569831671920204 0.996113402328307 4.351342231481098
0.9978487268293019 0.028340031324123584 0.0591165035306408 -0.21734709709237227 -0.024367573640368304 0.9974642167766422 -0.06686821072110259 -0.21154482633116548 -0.06086164407918835 0.06528383318026175 0.9960089765686199 4.466207626971033
0.99787219567964 0.026410969370535182 0.05961159104068905 -0.22010125663626134 -0.02240005545428661 0.9975030155804021 -0.06697739487058126 -0.2205885828614799 -0.06123167975107816 0.06549957713537953 0.995972131532779 4.568184182617362
0.9978566681939216 0.025248783014228737 0.06037026335230133 -0.22261919433610716 -0.021133710949185723 0.9974712274036646 -0.06785658968253537 -0.2317188672873547 -0.061930896993682365 0.06643530280000305 0.995866916078363 4.668416449000269
0.9978334361010007 0.022181469020649824 0.061938810377307085 -0.22900490332306944 -0.017899414446378242 0.9974662721611143 -0.06885235554058765 -0.23885644688723479 -0.06330912068056899 0.06759451407545329 0.99570223305241 4.783174768917104
0.9976234720026537 0.017323296294911774 0.06668816622796571 -0.24758592624648107 -0.012693103346044336 0.9975193835788796 -0.06923846121816407 -0.24317380935231572 -0.06772217684641225 0.06822743429069623 0.9953686372260738 4.90984894065549
0.9972062844578987 0.012138440070452778 0.07370403320258687 -0.28156480314344967 -0.0068825751689604135 0.9974418824838597 -0.07114999104777249 -0.24735404049355897 -0.07437913952658783 0.07044394466318965 0.9947388573206404 5.077499787829087
0.9969553430560967 0.012924336520213608 0.07689606932355143 -0.28064293482234043 -0.007411382545008228 0.997409364229524 -0.07155160065315522 -0.26217465277329216 -0.0776216165811542 0.07076384438941495 0.9944683820849 5.195490921871439
0.9967249504563152 0.012363774764286148 0.07991564434723343 -0.2761403409884282 -0.0065754233065145 0.997361829162921 -0.07229208488577868 -0.2759227831551046 -0.08059861627965866 0.07152984553576563 0.9941767168121739 5.33535599031185
0.9964173841100794 0.008958143565531883 0.0840960659429751 -0.2814743215622997 -0.0028565661947532535 0.9973718337350743 -0.0723965834933557 -0.28652991625846447 -0.08452358648803836 0.07189698836387202 0.9938242230854528 5.501370149036423
0.9962160251742513 0.013223354812440608 0.0858997908816975 -0.27083812067500856 -0.006931794927900861 0.9972981475639514 -0.07313244891693944 -0.29833183171060523 -0.08663475864277916 0.07226027783655094 0.9936160580636221 5.589943455653281
0.9957802200433575 0.01815737311430277 0.08995589570445266 -0.2688184580179422 -0.011674409170378191 0.9973307370397049 -0.07207710542441136 -0.30893267037346395 -0.09102451066017865 0.07072277396586703 0.9933341973885966 5.683125672548273
0.995594807005331 0.020897286841283818 0.09140177058837802 -0.2591308664290722 -0.014467756553621487 0.9974104691328903 -0.07044884728945688 -0.32801688846391075 -0.0926372726515766 0.06881612795545235 0.9933190203801072 5.838146005835341
0.9949802255828772 0.016799323929601963 0.09865157583411784 -0.29792208848998547 -0.00995277370882796 0.997533159300709 -0.06948768517548755 -0.33552491292652625 -0.09957556424418233 0.06815701586084238 0.9926929677369519 6.00285548742555
0.9940560004963517 0.023396499685364745 0.10632625113145915 -0.325884286241085 -0.01588969339457449 0.9973562792930365 -0.07090817864377243 -0.35035945728930273 -0.10770415739897805 0.06879720893483585 0.9917997572704643 6.151458919826343
0.9935744080222624 0.021975010038725654 0.11102699967579391 -0.3299140460292053 -0.014139986224244278 0.9973853710592847 -0.07086947429261176 -0.3560101318792063 -0.11229406267826028 0.06884417572119583 0.9912873059595181 6.244213419732392
0.992548244041545 0.03019929706861972 0.11805077596783155 -0.3326618543601575 -0.021713797638439836 0.9971308004824424 -0.07251674097310272 -0.37147267387847055 -0.11990201934147239 0.06941303325604241 0.9903561665239592 6.354897399569706
0.9918458080360764 0.0382148690897466 0.12157926164324498 -0.3281900708014448 -0.02936790277298616 0.9968446266830896 -0.07374494246907949 -0.383887972424992 -0.12401378700765318 0.06957308411666786 0.9898384547988194 6.426738902601523
0.9906376578114746 0.03879373763263055 0.13088955972989888 -0.36279234229216095 -0.02908813929549758 0.9967391963069423 -0.07526522900859467 -0.3987238712918138 -0.13338257411716842 0.07075323643396886 0.988535820522451 6.586867701338968
0.9900656730594044 0.03577568988004362 0.13597817120051325 -0.3761434411125325 -0.025462930964687068 0.996718382858323 -0.0768381703255363 -0.4080119823312327 -0.13828088145552436 0.0726124320340222 0.9877276104969357 6.708403050001167
0.9897626220720954 0.03620795682474499 0.13805410465302576 -0.3724808828625013 -0.025705930998059647 0.9966911365977976 -0.07711020256044203 -0.41873218969122356 -0.1403893053636716 0.07277198698652396 0.9874183919947701 6.802261268712909
0.9896153651437544 0.038681471041344104 0.13843833598202582 -0.3554477693110284 -0.02822638987236637 0.99665428093427 -0.07670407557728476 -0.43486232576111983 -0.14094218668009884 0.07199991731571855 0.9873962284313023 6.892249960650325
0.9894760160948866 0.03986270550111586 0.1390977292522201 -0.3358109826403919 -0.029244192259024002 0.9965583189430426 -0.07756477399266744 -0.4471133823741931 -0.14171094097531745 0.07268068282251935 0.9872363078576178 6.987630590970994
0.9890761903297071 0.04054469999585219 0.14171950121673466 -0.32845686047089956 -0.029806971785986697 0.9965787767525119 -0.07708622548429662 -0.4626132467616725 -0.14436008505062312 0.07201992105461368 0.9869008546026611 7.110109283359594
0.989284904487753 0.039536448677440925 0.14054268738939846 -0.3113127606862578 -0.02893709890790611 0.9966359716397502 -0.0766771435336797 -0.47447077607374344 -0.14310143975324707 0.07178864297134017 0.9871009921385347 7.223035464037
0.9891007059690794 0.03868454142624681 0.1420679404584664 -0.30133183034996247 -0.027946222495194396 0.9966533613244277 -0.0768185264696496 -0.48704378217396666 -0.14456417986388778 0.07201099648914853 0.9868716300942691 7.354596465254568
0.9887812504438764 0.03853251364738935 0.14431522498564947 -0.2968401146884041 -0.02765170967503045 0.99667396517895 -0.0766576159720368 -0.501731990169388 -0.14678903815575856 0.07180705067388717 0.9865580194549249 7.46932015618705
0.9889869430493264 0.037971594161772 0.14304888854780687 -0.2807327840742204 -0.02713730845248463 0.9966661413513486 -0.07694263560450516 -0.5150579097620158 -0.14549361830645335 0.07221330016435093 0.9867202472390382 7.573706887165758
0.9883394737386351 0.03934164869899083 0.14709629270543778 -0.28127479480231976 -0.02802147076185416 0.9965396137725574 -0.07825340477183224 -0.5272270893458709 -0.14966590068008553 0.07321907442522653 0.9860218482944132 7.679310729901481
0.9882478761379065 0.03711155308592657 0.14828643881511228 -0.2663051879520175 -0.02562121476451682 0.9965721935970493 -0.07866013159889561 -0.5431817301004224 -0.1506973412602496 0.07393642929378949 0.985811196812237 7.825757130860439
0.9883790734593859 0.03893380213320071 0.14693864773782064 -0.24827171495711287 -0.027328604805762644 0.9964050006483092 -0.08018866529886322 -0.5585403165354735 -0.14953245302253645 0.07524117047531526 0.9858898578231577 7.963901918119507
0.988563616651658 0.03931785920110751 0.1455887419426254 -0.22708850358671595 -0.027581366298661383 0.9962692569761133 -0.08177307525929231 -0.5762273174651785 -0.1482607300187531 0.07682235060257346 0.9859599801118707 8.130072585373576
0.9883078987490648 0.04129136439366336 0.1467737050589074 -0.2113307580680427 -0.028964510659546354 0.9959468396337274 -0.08515250874662064 -0.5874210503002463 -0.14969487096244313 0.07990566844786423 0.9854981125083073 8.292483523649594
0.98825113091501 0.04088227231430085 0.14726962366905313 -0.19266120110409507 -0.028571727019037742 0.9959917858995981 -0.0847585915154225 -0.6038323869519884 -0.1501444593062122 0.0795550264342111 0.9854580859218195 8.42820733933056
0.9884005955099832 0.040813403518564495 0.14628236014210036 -0.1735467977326631 -0.0285633614182122 0.9959811673970969 -0.08488609176307084 -0.6102910803489972 -0.1491589661401719 0.07972314772728643 0.9855941469674256 8.513917205611857
0.9882765852647634 0.03960565882219014 0.147447559514157 -0.16564685907344115 -0.02738459595898152 0.99608848568751 -0.08401078850318175 -0.6167531843991353 -0.150198118901616 0.07898810334489167 0.9854955122213352 8.604613153127698
0.9876331049272473 0.044871234839619155 0.15022457300899306 -0.1655349554577942 -0.032154586691519 0.9957730619524257 -0.08603540924867908 -0.6313766145743095 -0.1534500980985811 0.08014100931394531 0.9849012569895914 8.69327504279125
0.9869967483994164 0.0534121831221152 0.15160658740012015 -0.15866202003593358 -0.03993524438666163 0.9950873715231964 -0.09058862671899573 -0.6470767588826628 -0.15570033688068335 0.0833562338951658 0.9842810286529224 8.79079723483285
0.986909191646792 0.05338479422505544 0.15218512144301602 -0.15329635989873044 -0.03972272029988082 0.995017826682232 -0.09144194921667588 -0.6608840644493384 -0.15630851843407167 0.08419969317115239 0.9841128282543766 8.881275186086794
0.986804454278496 0.05241928292594893 0.15319656586767982 -0.1441759653281037 -0.038857986511858275 0.9951640082418972 -0.09021448655379917 -0.6757063601980607 -0.157184687232457 0.08307114708158735 0.9840691838596425 8.994609399156253
0.9866584598960526 0.05001050058461287 0.15493235087233173 -0.14179444710874745 -0.0364471764382529 0.9953483952463721 -0.08918057753878328 -0.6862640956140647 -0.15867163213766278 0.08234392455881936 0.9838916562523642 9.089122042249873
0.9862737749385432 0.0519312918578284 0.15673921587928785 -0.12947107229626253 -0.03802910028772534 0.9951765986402309 -0.09042856324285423 -0.6997580438688064 -0.16067927184233538 0.08322666907210591 0.9834914809775313 9.199485016542146
0.9863314999691115 0.05221943925054796 0.15627956466871182 -0.10525662498759217 -0.03805607836363626 0.9950048782878422 -0.09228774069711136 -0.7132302225737421 -0.16031814329097174 0.08507891835087496 0.9833919211504534 9.304982898636974
0.9857685160780666 0.05570471895739369 0.1586108980969633 -0.09636613200238751 -0.04088264657325421 0.9946157634265467 -0.09522653176817064 -0.7265596081210496 -0.16306146668791469 0.08738688362280597 0.9827382615184367 9.414846945179056
0.985152471166603 0.05902455462365957 0.1612163468939027 -0.08334466384151973 -0.04366270271626907 0.994304397619177 -0.09722311076424496 -0.740629035725952 -0.1660366734966926 0.08874044639646898 0.9821186059878446 9.514014903106876
0.9844259305744901 0.06338863944718058 0.16397398452677106 -0.06813612665001874 -0.04778149606930637 0.994094159560171 -0.09743577660047037 -0.7550477471337611 -0.16918190165005628 0.08808338275403181 0.9816408721302697 9.620280881797395
0.9838719406455984 0.06335630009530817 0.1672781624973776 -0.058193692046655546 -0.04756169100479138 0.9941670391029145 -0.09679764413511978 -0.7622956867591758 -0.17243517610693768 0.08728045370859279 0.9811463868564113 9.721177323691954
0.9834179859890202 0.06558877321794673 0.1690774309630521 -0.043618121892269685 -0.04979082218342147 0.9941311165384248 -0.09604268403352889 -0.7762753308807004 -0.17438445704706557 0.08603159860092181 0.9809121393797556 9.83747766809744
0.9831828798625162 0.06509314414444149 0.17062915146785937 -0.024251480707706826 -0.04907287258732374 0.9941240433450995 -0.09648440091133767 -0.7918019274603973 -0.17590701498598366 0.08648854854015323 0.9806000474455104 9.967003898787244
0.9825181548058821 0.06665954622646612 0.17382341721910696 -0.0029735421581560083 -0.05006402054325899 0.993909298060644 -0.09817281230382836 -0.8068706829335615 -0.17930886571469434 0.08775427126630492 0.979871174466638 10.085709735214168
0.9814786148702271 0.07114478831737531 0.1778711546251874 0.024793947242143885 -0.05405090340066911 0.9936012859758001 -0.09917148959660009 -0.8307312057612207 -0.18378854260805552 0.08772059964747683 0.9790438539736066 10.221722560901258
0.980308399117616 0.07488874772121815 0.18272142207252443 0.04838599388909989 -0.05705600944134715 0.9932512475980007 -0.10097807153855154 -0.8498889021833717 -0.18905040176124147 0.08856429647303533 0.9779653935514018 10.351480997602907
0.9791539148611448 0.0793261047460941 0.18698925134324274 0.07535670485005992 -0.06060788329773516 0.9927514206498346 -0.10378487982314182 -0.8689390458772454 -0.19386669516516455 0.09028834865888072 0.9768642273121624 10.488040147416662
0.9781765561376379 0.08439966103487513 0.1898613237073565 0.10024722821315048 -0.0650634064512925 0.9922483741848019 -0.10587689582043952 -0.8850654992443904 -0.19732556388786876 0.09121327285442896 0.9760854269435215 10.603010151359795
0.9779000603233148 0.08626251596243385 0.19044750027104226 0.13178644377467363 -0.06662355984323245 0.991999778135352 -0.10722752190192787 -0.9041891315917827 -0.19817359383498362 0.09216950970491311 0.9758237587737251 10.722355146229889
0.9776039857362889 0.08785720170382422 0.1912369189808691 0.1544423268267049 -0.06826912049031549 0.9919424442089655 -0.10672166867240598 -0.9231497063622407 -0.19907228400759544 0.09127595239447017 0.9757248209687401 10.818439147513477
0.9772961543156435 0.08875071775222425 0.1923942225180339 0.17199377787607992 -0.06904951260160139 0.9918797096979066 -0.10680265118000773 -0.9358984938386203 -0.20031073752880796 0.09109309297670246 0.9754884196353134 10.89797467973585
0.9764382324848085 0.09073023050666432 0.19579684219657564 0.18249800764053278 -0.07056614361177951 0.9916842689170579 -0.10762309305257459 -0.9447540744227638 -0.20393331635047984 0.0912706746696276 0.9747209172002232 10.968336562931595
0.976173696723564 0.08961873221323262 0.1976193225915534 0.1989612389831902 -0.06911926961612383 0.9917117241664636 -0.10830689137129935 -0.9585829986581467 -0.20568772543053007 0.09206703529099751 0.9742772811781764 11.052950728305394
0.9757631141730906 0.08990138795453424 0.1995096124578481 0.2202449699571058 -0.0693817012341682 0.9917733572223681 -0.10757224287764276 -0.9775079710101815 -0.20753921208553586 0.09112271038397775 0.973973370836796 11.150525204668961
0.9760110238527446 0.0857479628859176 0.20012438177001995 0.23368054813446443 -0.06521171745860073 0.9921122564285985 -0.10705467084744831 -0.9934126679385293 -0.20772557190682378 0.09143608426147297 0.9739042711020988 11.232306477324297
0.9758112117917835 0.08851032829855213 0.19989597476170873 0.251457739102277 -0.06756854726033583 0.991712910639101 -0.1092702809223593 -1.0058484302887398 -0.20791096739368728 0.09312048462183868 0.9737050913809651 11.33943292055653
0.9750765325891771 0.0901698847800252 0.20271938109767573 0.25823362733225635 -0.06889030146474545 0.9915752893937512 -0.10969308012721862 -1.0171190556923635 -0.21090254137388711 0.0929937489429097 0.9730736255287045 11.437715000989074
0.9746688636646448 0.09282941525072287 0.20347802305624782 0.2722193022089354 -0.07111747447808614 0.9912110578989239 -0.11154794270965342 -1.0265370494276214 -0.21204459678692303 0.09425146345339279 0.9727043490240822 11.539749135759449
0.9746868006265446 0.09506205449614105 0.20235821327379647 0.2953656413300734 -0.07329003658798734 0.9909445511129553 -0.11250540945428478 -1.0425396893372656 -0.21122076418127553 0.09482669673946006 0.9728276755747438 11.649231031704
0.9744930282945402 0.09376590264613024 0.20389039532624648 0.3029232898824936 -0.07187549867513394 0.99107692020008 -0.11225173021796347 -1.0548256128621665 -0.21259644986579013 0.09473380467226097 0.9725370202500155 11.717625962676125
0.973781644243833 0.09241901221612261 0.20786542645368808 0.31166169325717075 -0.0701909765958351 0.9912382665263458 -0.1118924741811055 -1.0717279164472935 -0.2163851569269489 0.09436856020329355 0.9717366097389024 11.817531206949614
0.9733079071412585 0.09440651199142493 0.20918682652097556 0.321632084381335 -0.07145466381357354 0.9908273126964078 -0.11469728607994976 -1.079641195861775 -0.21809619188695825 0.09668840110597354 0.9711258436350958 11.878329562447867
0.9737513654845317 0.08721322755959361 0.21024302879203507 0.3372994792917115 -0.06411669870690528 0.9913769061715437 -0.11428420213077482 -1.0941923953802297 -0.2183971775548801 0.0978043089458662 0.9709464403290651 11.961382705493472
0.9735192771509558 0.08105443880793362 0.21375311685449508 0.3485339760831962 -0.05795722210431202 0.9919940400437038 -0.11219975456178001 -1.1044951016028588 -0.2211361061008172 0.09684008708847386 0.9704230109139333 12.03165461482805
0.9738149345753039 0.07102911390066824 0.21596142752024536 0.35781552292984914 -0.04792390779766687 0.9927303291147709 -0.11040739430437241 -1.1190735145568829 -0.22223359840378987 0.09716665392080952 0.970139613203345 12.127656689920395
0.9736394113773967 0.0674321920364191 0.21789721450683933 0.3736477606478655 -0.04365703549525708 0.9927324588245064 -0.11214423056054808 -1.1354349405304156 -0.2238757688193205 0.09967529620430049 0.969507336466384 12.218411733004862
0.9732878070353584 0.06669119191482892 0.21968871067326654 0.3950432702955193 -0.04224612428592958 0.9925647639128036 -0.11415101585855619 -1.150998397171986 -0.22566814054961432 0.10182079532051426 0.9688686267916701 12.295412653672633
0.9716397585484559 0.06876576865398482 0.22624643349525975 0.4030064485354267 -0.04328693659205064 0.9923390292419361 -0.11571297318645578 -1.1634696400569726 -0.23247025772854055 0.10263781030692504 0.9671727142382713 12.38019164839359
0.9701805663789058 0.06812966749671472 0.23261130030050636 0.40824804357344546 -0.04189050078463648 0.9923726062686072 -0.1159387608682521 -1.1752715008981132 -0.23873595155467792 0.10273732882667577 0.9656346030983155 12.470637017095479
0.9691521747170847 0.06486120046686972 0.23777528659459465 0.41981991593222734 -0.03880822143647467 0.9928753244724565 -0.11266104918139755 -1.1870224935289566 -0.24338854572490162 0.09995806484577575 0.9647644277657652 12.561113471571671
0.9678761829257168 0.06155717146171281 0.2437753251803332 0.4385724742125495 -0.03509480625556495 0.9931504667683234 -0.1114473190873038 -1.1990434737498163 -0.2489659597194527 0.09931195798843304 0.9634070198527074 12.666988421204703
0.9670376631574323 0.05646988216308005 0.24829279176709912 0.45857681483698604 -0.029744315367995502 0.9934751182151952 -0.11010206714950764 -1.213185220443601 -0.2528901614106434 0.09908754662314204 0.9624075147077277 12.789528447873248
0.9653484944214953 0.054212045142327206 0.2552711078043079 0.47786780762283904 -0.026668822411264288 0.9935571443839765 -0.11014978327148928 -1.22751219997275 -0.25959787793691347 0.09952514760122645 0.9605746648572433 12.884026593336747
0.9637641446574531 0.05491922597033814 0.2610412842665058 0.49654142590222644 -0.026993458825007935 0.9936327768842499 -0.1093858212107884 -1.2415918376223418 -0.2653865608001849 0.09837572525839354 0.95911010318239 12.979168743525696
0.9626491002345954 0.05475534249478243 0.26515761781589997 0.5199300034389055 -0.02659703340926434 0.993724709646861 -0.10864529097521822 -1.2575777458832749 -0.2694425868925516 0.09753488558224929 0.9580645272961039 13.082417436673122
0.9605057763559927 0.05641240187463758 0.27248173241798446 0.5325722827537619 -0.027219636718018886 0.9935860078713302 -0.10975398097223578 -1.2737432944913936 -0.27692552241299595 0.09800247893318431 0.955880624952321 13.202877699282235
0.9597049953619877 0.05872412858137639 0.2748050192401974 0.5642157426035163 -0.029085878131454437 0.9934268096695044 -0.11071217423208242 -1.2889987890746935 -0.2795001495000842 0.09825808135838401 0.9551047146136382 13.312597467916682
0.9583438883760305 0.05887017846700949 0.27948397753641036 0.5955267717068798 -0.029133543928963702 0.9935722386146999 -0.1093866686224386 -1.3071614704688042 -0.2841271339215059 0.09668768660712977 0.953898979466962 13.441205112727616
0.9569499256402044 0.062222427552209615 0.28350521922306304 0.6140561977457677 -0.031650731390049765 0.9932972959637733 -0.11116974873378736 -1.3197640896959129 -0.2885222192824703 0.0974107352429319 0.9525051588520395 13.564339120494136
0.9563834087192764 0.06456614756268657 0.2848894313859508 0.6390465786531424 -0.033233043482674515 0.9929841656413144 -0.11348132712699241 -1.3365187795352127 -0.2902177464376973 0.09906391560269676 0.9518193107297653 13.683501399737116
0.9538077891759121 0.07160089890427584 0.29176019705137574 0.6387330476244868 -0.03880231207988814 0.992409321272598 -0.11669669930430172 -1.356824086756351 -0.29790112769946475 0.09998525054908533 0.9493460211050674 13.851295806878744
0.9508489223417074 0.08134440638481288 0.2987798762157773 0.6424409075737738 -0.04743878813939691 0.9917555777861637 -0.11903963755783283 -1.377069797516779 -0.30599981742066135 0.09901495583969748 0.9468686024251642 13.979872527808658
0.9502614115994564 0.07881886255770647 0.30131517806130653 0.6582320785080528 -0.04430244894295471 0.9918180945072272 -0.11972535414736511 -1.38338998942507 -0.3082864619840843 0.10042138374452181 0.9459783311705244 14.140927838786256
0.9488181372172444 0.0844975892372712 0.30430954618724415 0.6767165473501794 -0.049899738743660445 0.9915505450961587 -0.11973943624732618 -1.398404822639142 -0.31185599009945497 0.09842598199968586 0.9450175487822886 14.249133303536215
0.9471243758549224 0.08808321328665202 0.3085397287198528 0.6959178867997475 -0.05342871528655664 0.9914516448592368 -0.1190336435162115 -1.4159446357758223 -0.31638708735384585 0.09625478400066495 0.9437341932518574 14.363809355542324
0.9464269948185337 0.08573388411082987 0.3113288367530841 0.7154421026109588 -0.050864382719072246 0.9916555701593358 -0.11845693201570269 -1.433556533839727 -0.3188867479989804 0.09627528907895264 0.9428904022543648 14.467155833717054
0.9462487392961657 0.08574660691833959 0.3118667067553174 0.7443895892551757 -0.05103880615701079 0.9917234824842797 -0.11781160619956713 -1.45411361591139 -0.31938748198149886 0.09556177944788698 0.9427934994802787 14.569487318004951
0.945986382379676 0.08824456190930988 0.31196580204510493 0.7803377897593885 -0.05237846670924548 0.9912025536367269 -0.12154831915424542 -1.4769255915379083 -0.31994727780901616 0.09864276434421256 0.9422862327685424 14.675023583498911
0.9449965815595835 0.09275510247682581 0.31365259731941186 0.8038870014383968 -0.05564670460584222 0.9905599660608287 -0.1252772840705068 -1.4961541488076697 -0.3223118134775847 0.10093287176180955 0.9412372975454725 14.771259464122886
0.9438795878108677 0.09845088690873614 0.3152756676003841 0.8366812456088496 -0.0611529895523906 0.9901300971027436 -0.12610591849758337 -1.5149182870542708 -0.32457916689582755 0.09974875276512082 0.9405841539910254 14.875885523710476
0.9425049294966746 0.10143005502191878 0.3184280166893568 0.8626040055187976 -0.06450342247197595 0.9901249361576082 -0.12446653882990656 -1.5348742276862184 -0.3279081675772474 0.09677062951714939 0.9397402188365603 14.97534307160924
0.940224904428867 0.10323066842218684 0.32453128999964725 0.8819504537910661 -0.06692886382595206 0.9903782043548267 -0.12112613064850572 -1.5515506373924832 -0.3339126476770436 0.09216529409718296 0.9380873638874399 15.079684514534613
0.939348801394818 0.10307050782370664 0.3271090028340406 0.9060435198668366 -0.06666197534246596 0.9904535726409723 -0.12065612908666148 -1.5636752183688916 -0.3364223689970054 0.09153245795727263 0.9372522599485918 15.185232462022816
0.938899867713461 0.1026091960023544 0.32853978648467325 0.9432006499952428 -0.06600848889293476 0.9904907524717558 -0.12071018458277967 -1.5781024902985366 -0.3378015953214478 0.09164836148937869 0.9367447144417721 15.294825552340951
0.9391392421917856 0.1013225818523006 0.328254806792256 0.9905144071544227 -0.06474742063471715 0.9905965195129633 -0.12052513036689101 -1.5954350693804118 -0.3373799865086667 0.09193622754708225 0.9368684404802113 15.406665308471748
0.9394201793966711 0.09864380272414768 0.3282668529206758 1.0280608131334814 -0.0618762651916332 0.9907649512936814 -0.1206488254976631 -1.6094575486118887 -0.33713655148657423 0.09302801444806981 0.9368482983811149 15.5001407261909
0.9398033019243336 0.09503427281785849 0.3282350387787688 1.062776371057641 -0.05823479037484737 0.99104030821733 -0.12019907103841886 -1.6218994382434666 -0.33671718530855577 0.09384878517318213 0.9369172549587301 15.573538664533018
0.9408297189441053 0.09078042434133227 0.3264940344140494 1.1044309773503123 -0.05432623539327217 0.9913941628907029 -0.11910614566108287 -1.6359290475954273 -0.33449678638149766 0.09432140977875554 0.9376648503371551 15.658174928646769
0.9419384105602037 0.0875735487497297 0.32416493374622524 1.1481960638481774 -0.05120944557337088 0.991564258684322 -0.11907104427139586 -1.6483739699292306 -0.3318578361217097 0.09555728365326958 0.9384770546717833 15.753383199001677
0.9421644644589438 0.08942593908960944 0.32300019091129323 1.185039141012454 -0.05274143927074237 0.9912980725260115 -0.12060875585904614 -1.6658174299589148 -0.3309750179310225 0.09659778891961154 0.9386822703563765 15.85371844307013
0.941349450133738 0.09594849234399032 0.32350440422013294 1.2142258252681637 -0.05771587024904051 0.990376300564441 -0.12579213648591103 -1.6832942068260903 -0.3324606609123905 0.09974302029319813 0.937827936696539 15.945768994526185
0.9401277785141405 0.10452764052510617 0.3243974914087969 1.2376119147682716 -0.06429795085799188 0.9891123826053113 -0.13237245971995065 -1.6968840237799294 -0.33470215652357127 0.1035889325319111 0.9366129400533448 16.050331647953463
0.9390812982349072 0.11389058715354003 0.32427650155887416 1.2701523375914439 -0.07437881352201596 0.9884853235279398 -0.13177464577423018 -1.716947371617632 -0.335550454335108 0.09962780398908988 0.9367391276485758 16.145543961977143
0.9383294515821863 0.1224792676409401 0.32332130967755796 1.311700349256313 -0.08446114593096132 0.9880204649570772 -0.12915833559640105 -1.7386687870994897 -0.3352672890717209 0.09388498188817326 0.9374334403328893 16.259195557159448
0.9381462233208467 0.12146662851889149 0.3242337456605716 1.3508484924260575 -0.08411438239816896 0.9883449774954598 -0.12688174074025171 -1.7585170668143424 -0.33586669132649166 0.09176090461495806 0.9374291984153469 16.37226661268549
0.9373352202983755 0.11987590675264619 0.3271581448908544 1.3781405749738067 -0.08184306308905326 0.9884316035827486 -0.1276897727425346 -1.7731784119596488 -0.33868037707017395 0.09291249657107344 0.9363027662933262 16.489226412244953
0.9379483503800795 0.1186574970915799 0.32584243186431033 1.4281042064638416 -0.08001272303353058 0.9883343308236855 -0.12958863633845433 -1.7924852096694024 -0.3374179250900063 0.09547590742832625 0.9365006646707159 16.634579706207827
0.9381219185561134 0.12154512856037479 0.3242746484815569 1.4718264063366175 -0.08170549986542354 0.9876326484346188 -0.13381316466538265 -1.8066675785088373 -0.3365285682023685 0.09903804051608389 0.9364507404633725 16.76997693733744
0.9388048274206614 0.1241688835368923 0.3212904984167166 1.5204523378146397 -0.08362243412676416 0.9870198812552241 -0.13710960038466105 -1.82745576290945 -0.33414485559765106 0.10185206118743062 0.9370023335667297 16.918061977723564
0.9395232151376749 0.12509940542043763 0.3188201169638103 1.5614563360268312 -0.084525819489035 0.9868024723012635 -0.1381168581304402 -1.8456383768961155 -0.331890816469922 0.1028154629594694 0.9376979612430425 17.03800177917901
0.9391604013024314 0.12993470881163333 0.31795394646314834 1.603290666684312 -0.08869644025995185 0.986033628129691 -0.14096320683999075 -1.8625475292438214 -0.33182929664311905 0.10418567868683896 0.9375684840297777 17.16859962440566
0.9391975698477933 0.13037443747062907 0.3176640219575 1.6430054559362344 -0.08871377322328797 0.9858378954018401 -0.14231482856737174 -1.8833057174637946 -0.33171944656966496 0.1054805671386458 0.9374625639051539 17.30201149994107
0.9404234424465886 0.13210982692145512 0.3132901890064376 1.6767243529844735 -0.09001101718810163 0.985286352738642 -0.14528874661084518 -1.9013070588276584 -0.32787461884334573 0.10843337464899923 0.9384777235398615 17.418853049289098
0.9390702971741928 0.13341477568639734 0.3167766951556252 1.6945696513714579 -0.0905848734766979 0.9850775809303133 -0.14634391085964346 -1.922784837242918 -0.33157406059941114 0.10873204300956027 0.9371424572393385 17.545261905712646
0.9401055404186102 0.13373842908108505 0.3135531939897189 1.7342435509273557 -0.09071872240816677 0.9848101758393312 -0.14805077158845922 -1.9377585972622593 -0.3285904537244812 0.11073820546781345 0.9379580819902925 17.651541878584315
0.9402056418194054 0.13419737688019473 0.3130565685773621 1.7625524028741957 -0.0911165529488844 0.9847113530078968 -0.1484632110526822 -1.955890046519166 -0.3281937306983033 0.11106131322758185 0.9380587720577506 17.746283044030434
0.9394299716262406 0.13479791764715357 0.3151203735214677 1.7843523911681152 -0.0912873587999084 0.9846086049246552 -0.14903862999794382 -1.9734245903941396 -0.33036032832901496 0.11124484934736698 0.9372761796610577 17.843178932307904
0.9384620430146844 0.13531258237182608 0.3177727157459717 1.801901751673562 -0.09099698433856503 0.9844215392571004 -0.15044527871612015 -1.9884082168704589 -0.3331794451372848 0.11227082478788447 0.9361552858577787 17.947243546763215
0.9378565750682606 0.13436105914511287 0.3199564820200285 1.8293073302012364 -0.08960032862404867 0.9844971071692127 -0.15078868354726432 -2.008876968468785 -0.33525635819726296 0.11274995237630023 0.9353558801480059 18.055699219007526
0.9370077254880793 0.13599177005705698 0.32174953123882255 1.8642215825819828 -0.0910343436395738 0.9843433802334356 -0.15093329012755557 -2.0310893129463166 -0.33723770645312656 0.11213540149018665 0.9347172733393075 18.170066507804833
0.9340851317814347 0.13681563221509624 0.32979758847881274 1.8756982889313656 -0.09055520027346503 0.9842490925967446 -0.15183372295350012 -2.054336690279983 -0.3453762039983199 0.11196073643948151 0.931761810339767 18.30627001378193
0.9348982901985031 0.13216460226459906 0.32938989798133206 1.9211849168415025 -0.0854457606765031 0.9845963903862636 -0.15254169928500552 -2.066874152882584 -0.34447671759688686 0.11446600345335545 0.9317903868827425 18.40510588925984
0.9340826479475997 0.12993236609043451 0.3325765882399695 1.940826521424959 -0.08283508359364378 0.9848838003588493 -0.15212576611720813 -2.0931603989758143 -0.3473153548710891 0.1145490289476726 0.9307258265665106 18.561901458528986
0.9312485451144422 0.12810339199654716 0.34112412430259165 1.9501382054209115 -0.07952700923004963 0.9850497944491998 -0.1528147808901865 -2.1127716996195196 -0.3556003403051722 0.11517996099396395 0.9275138675838083 18.700612693229694
0.9288007958093225 0.12539468028196413 0.3487194515093033 1.9613876486378694 -0.07563325067146967 0.9853476708236395 -0.1528711189051031 -2.1320080273357815 -0.36277912439503956 0.11561203120530114 0.9246757080964937 18.847163888075215
0.9225054057966707 0.13004382862237943 0.36341763704194296 1.9603289595558173 -0.07778506890415438 0.9848529954625473 -0.15496470689814013 -2.155639837520543 -0.37806515223105647 0.11468731388293875 0.918647680399196 18.982284736197194
0.9191473776611455 0.12898814751613044 0.37219639431218704 1.9869331708015043 -0.07489351789710631 0.9848565866885195 -0.15636004807250856 -2.180874344368982 -0.38672866342648 0.115842830838159 0.9148887251615734 19.173057246322905
0.9192605403573568 0.12732111817230124 0.3724907942610825 2.0563124327806594 -0.07426297778163839 0.9853493530322306 -0.15353065690594633 -2.205882300478191 -0.38658125804661164 0.1134723990507049 0.915248024079143 19.267424551253328
0.9110453418698063 0.12255848222350609 0.3936696629058369 1.9972650677103074 -0.06331476636033999 0.9850605418680006 -0.16014671153495375 -2.2123927925783438 -0.40741578935782563 0.12097581282965067 0.9051945797960481 19.861907581416148
0.9110625339197329 0.12151104325308501 0.3939544715513453 2.0844996366137374 -0.06091261936909599 0.9847649396822971 -0.16287316038599015 -2.2435037799525617 -0.4077434390512597 0.1243908354344151 0.9045839971890829 20.076197574868583
0.9050494077214847 0.13490136644949963 0.4033450023404842 2.1276111350774114 -0.07439765685349607 0.983957012684659 -0.16215297050437874 -2.393855135453195 -0.4187488008791152 0.11674852683756773 0.9005660571238289 20.555371165061086
0.891387125100856 0.13467200380374172 0.4327729711938047 2.059056660631775 -0.07108042187394817 0.9845587655033876 -0.15997378190400216 -2.540820525872067 -0.44763441202687976 0.1118368841748224 0.887195550319892 21.15455593525224
0.8925033295667245 0.1411131486112913 0.4283980462155684 2.2010577219139806 -0.07834005756334671 0.9838613784896038 -0.16087144960343425 -2.5958763749316436 -0.44418536906710493 0.11001757680273788 0.8891543683192319 21.37496076560954
0.893357330007375 0.14244565458795522 0.42617122898091186 2.2993576722554296 -0.0798687142477468 0.983658599350952 -0.16135906670322972 -2.6337239942026085 -0.44219189206328025 0.1101135568943919 0.8901355712370789 21.559734465248912
0.8931723145930246 0.14343107019262805 0.4262285121245816 2.357289612473966 -0.08068187117892388 0.9835049065113977 -0.1618905016703481 -2.6614164799856876 -0.4424179608781777 0.11020720017951104 0.8900116408907174 21.692601492742575
0.8934280945860282 0.14679426077450355 0.42454409053482745 2.4441700874170027 -0.08372645975215916 0.9829544319366924 -0.16367792970766332 -2.69615771820085 -0.4413344760402781 0.11068888715532248 0.8904896689566746 21.858633168280008
0.8937927781727033 0.1504057825458353 0.4225074795350888 2.5282332932823834 -0.08746155775212595 0.982455370644515 -0.1647176997390459 -2.72866518984473 -0.4398692369351262 0.11027032814191584 0.8912662391954395 22.014412800852654
0.8935082395331833 0.15466305428250535 0.42157130538773185 2.6100561489474092 -0.09188706357381032 0.9819217633541847 -0.16548842315761372 -2.7642649686553478 -0.43954498453979896 0.10912832029962535 0.8915667200352919 22.1672498630049
0.8935566715753067 0.15667124383602477 0.4207262721035259 2.67809481976069 -0.09381363863945226 0.981604582746337 -0.16628723443673615 -2.7960042950913513 -0.43903926463185916 0.1091172052715088 0.8918172232163101 22.31507629204695
0.8935921914139179 0.1556033498244981 0.42104701990094245 2.7537507414881093 -0.09211605570009915 0.9815994181453999 -0.16726390698196358 -2.830232063184784 -0.4393263339777462 0.11068053044691077 0.891483141990729 22.490080247346025
0.8931729288098694 0.1579825352546804 0.42105063566713824 2.880336741588196 -0.09429799298122529 0.9812427569466462 -0.16813845621826015 -2.886014625895654 -0.4397158261433292 0.11047248749915335 0.891316903096108 22.727768287664237
0.8928399149245888 0.15742298793847098 0.42196550710451985 3.000410360585263 -0.09348370613347219 0.9812947748944976 -0.1682895167629585 -2.944828806342205 -0.4405651858749184 0.11080869836471972 0.8908556276758389 22.983676833058
0.8935723047651354 0.15522826393989642 0.42122763706923066 3.0667000537695674 -0.09072256971809481 0.9813966980218757 -0.16920383108992132 -2.97526327786878 -0.4396566290873679 0.11298100365091024 0.8910316163378061 23.117419522667507
0.893503958735473 0.15963395945986172 0.41972333114946436 3.1581542883985527 -0.09495088697960173 0.9807089014021267 -0.1708636291678907 -3.0182354448829347 -0.4389020446361841 0.11281422648674563 0.8914246718126955 23.291132274062196
0.8937943784976873 0.16150342637842532 0.41838768174261437 3.2217275513289376 -0.09745205897034405 0.9805574803174826 -0.17032358614082918 -3.0438194568772197 -0.43776101376021553 0.11146152278459312 0.8921556051329642 23.400568338053272
0.8946834004059114 0.1610019090178484 0.4166773311937211 3.2918162323488587 -0.097062336474874 0.9805696334421816 -0.17047608867259254 -3.067353403654103 -0.43602811363047717 0.11207845137971745 0.8929265954490153 23.52558410917258
0.8952621913163876 0.16208085394720997 0.41501253665777454 3.3564981249542063 -0.09763522362210678 0.9802117740519765 -0.17219826107757247 -3.094909251285875 -0.43471021601480586 0.11364275073061954 0.893371341211893 23.65438017703579
0.8950950965970491 0.16356129867470123 0.4147920799916052 3.405484157924484 -0.09848153196728965 0.9798349894212709 -0.17385275772099615 -3.119402881225204 -0.434863376141626 0.1147653914804668 0.8931532617692438 23.764114692668695
0.8952250240054206 0.16411897105929668 0.4142911050613201 3.4608644969570466 -0.0987728369760588 0.9796632420322517 -0.17465353957638627 -3.1464121048166027 -0.43452972633663817 0.1154335113790493 0.8932295457386676 23.886199403789476
0.8944865955366427 0.16603132082791114 0.41512327194389365 3.5225368235195487 -0.10036901601171211 0.979361830664586 -0.1754322241270202 -3.179301490939967 -0.4356831314500322 0.11525625857822884 0.8926904300083204 24.03900478276936
0.8939345343972426 0.16947867338943404 0.4149193023687145 3.5807849418895357 -0.10394280732682108 0.9789045757155448 -0.1759025993218687 -3.211827108812278 -0.4359781428202602 0.11411753112176931 0.8926926952057279 24.16273604307036
0.8931865802999884 0.17221156202451054 0.4154045145121665 3.6377524747818972 -0.10669483268289565 0.9785445302388146 -0.17625780839006208 -3.244022030903637 -0.4368454480142608 0.11310959395549527 0.8923969264315293 24.282323454129564
0.8927160925820746 0.1742048364659068 0.4155847121789706 3.7127583958153623 -0.1079599101906258 0.9780754842296168 -0.17808145591451544 -3.276323820204353 -0.43749586950807184 0.11410969328189463 0.8919508630314149 24.457065245698672
0.8928280067002966 0.17476091233382962 0.41511055632424143 3.779986172200662 -0.1078680941314217 0.9777992490497007 -0.17964716203240358 -3.307429097385903 -0.43729009218141357 0.11561683302222611 0.8918576810242087 24.60640945356889
0.8926999081185046 0.17581563896715469 0.41494064050148555 3.8316607747290528 -0.10793828713104783 0.9773734169975435 -0.1819080259850066 -3.331668526999884 -0.4375342274798946 0.1176012960860438 0.8914783984721404 24.72201223031586
0.8927293726072411 0.17639034402221904 0.4146332280703073 3.8973675753403976 -0.10847131131725075 0.9772610427517395 -0.182194481093417 -3.363482226666245 -0.4373422480225265 0.11767455483453716 0.8915629294890485 24.854869846481712
0.8931918640977261 0.17539879196216202 0.41405743283733204 3.946952905493147 -0.1079898768302919 0.9775119729637113 -0.18113124858723798 -3.3910037647037843 -0.4365163002819101 0.11707094639921345 0.8920470352494779 24.9527836633562
0.8927552785736927 0.177671475628309 0.41403002225305574 3.996943897289569 -0.1104802462115275 0.9772332475683012 -0.18113336259273868 -3.418096534829913 -0.43678613505449976 0.11596562678298843 0.8920593285364928 25.05426019475665
0.8937978968282563 0.1773877620177561 0.4118967121885244 4.045427778241989 -0.10985021872340694 0.977066073844005 -0.18241386128658676 -3.4479336696883154 -0.43480829002194127 0.11779418164491103 0.8927856863205182 25.15268572423711
0.8937892977995183 0.1775375872663997 0.41185081795070877 4.087544814136072 -0.10867359680655111 0.9766776212149755 -0.1851779511037558 -3.472299973017499 -0.43512152382543695 0.12075276115055592 0.8922376534188323 25.258749412601723
0.8948964635122921 0.1786940255199089 0.40893613784634053 4.138732960639065 -0.11074770613844417 0.9765937111337643 -0.18438999148287674 -3.50129979952492 -0.432313850319724 0.11972121206149137 0.893740211808924 25.354941683751534
0.8974965233810287 0.1772786423118509 0.4038220814901429 4.214842258545944 -0.11000931857019028 0.9766986267053999 -0.18427626656601548 -3.534582244071958 -0.4270807187718594 0.12096311657630826 0.8960859244968955 25.478345966643147
0.8985417742289468 0.17968501428739422 0.4004197492707292 4.282845324687824 -0.11241247667409217 0.9761397717784978 -0.18578100290454932 -3.5642154568063478 -0.42424770482996405 0.12191981624314539 0.8973011999065547 25.601552519776284
0.8997506754101336 0.18127661971199033 0.3969729326349607 4.351246622211607 -0.11454070107550247 0.9758489113955869 -0.18600895119638974 -3.595886608062651 -0.421104678074395 0.12189212145927583 0.8987842682368303 25.712140275573564
0.899294474809285 0.18454704681053571 0.39649947678527986 4.393392183685425 -0.11792508312580825 0.9753511548459909 -0.18650415413701654 -3.6173707978705476 -0.42114501344223804 0.12096492158515482 0.8988906303876082 25.817558928963557
0.9001034141770035 0.183971840989593 0.39492810169675174 4.439118861205582 -0.11751105948350908 0.975392896737679 -0.18654717337109006 -3.6418460780073754 -0.4195294920335923 0.12150332800619142 0.8995732024673996 25.917030850193996
0.8991910173302443 0.18643596684680033 0.3958499016274948 4.470641292987777 -0.11983024684731577 0.9750215902410944 -0.18701232714513666 -3.665747442917393 -0.4208280246051952 0.12072501327242367 0.8990713235763109 26.02810721937785
0.8988512936829037 0.18864023580337358 0.39557706364325035 4.510666519042386 -0.12272852317183089 0.974852591181969 -0.1860111154363174 -3.6896286858537666 -0.4207185061827336 0.11864774292774853 0.8993990502849762 26.123911951104315
0.8989411845901629 0.1890942076450918 0.3951558265832707 4.556150370664175 -0.12325769143618351 0.9747762835010382 -0.18606111529743916 -3.7148052898465083 -0.42037160721135364 0.11855200444943614 0.8995738624991065 26.23248854800001
0.8981975826983416 0.19218469787785267 0.39535571873498027 4.596205152190056 -0.12557120331211288 0.9740667075325394 -0.18821775202001234 -3.7352352019188513 -0.4212754150595586 0.11941143654741437 0.8990372258633547 26.341226790365944
0.89919972463825 0.19387856230369074 0.3922383947162078 4.659996087562501 -0.1264065958596692 0.9733518866260954 -0.1913308059999525 -3.7608787045717778 -0.4188809230958901 0.12246308782843472 0.8997452775012811 26.477169533043536
0.9007705481268733 0.19009694208010094 0.39048120599973213 4.702348505218379 -0.1223157049396476 0.9737635608943639 -0.19189423076123455 -3.7838415275179047 -0.4167148760871497 0.125090687447641 0.9003893779701897 26.56938908991462
0.901937237907997 0.19060222530300353 0.38753065760586625 4.761209180950034 -0.12234075342941958 0.9733446071644622 -0.19399230849232446 -3.813943305751167 -0.4141762413818724 0.12755809426846312 0.9012141663674511 26.699529021352195
0.9052125513814755 0.19078278555745865 0.3797264351561197 4.818270296869345 -0.12334314802128989 0.9730471623662383 -0.19484785769212384 -3.841828596175722 -0.40666534725451736 0.12954207249364413 0.9043462538189735 26.816218059641326
0.9040637656944274 0.19201024500223424 0.3818386745375491 4.833562735721095 -0.12265207801142868 0.9723816996645652 -0.19857063709655057 -3.8614407327959475 -0.4094205360236463 0.13268721103268907 0.9026455166401003 26.955102882731584
0.9059802679906265 0.19344459786777438 0.37653544530018207 4.887698444541042 -0.1251332030374894 0.9721127667127144 -0.19833923033966416 -3.8891708877310984 -0.4044025661506253 0.13257434272862442 0.9049213270449863 27.083694164596245
0.9090041781535859 0.19243341845417827 0.36970364288354196 4.952513510871283 -0.12627662323480277 0.9724975291045121 -0.19571093559133138 -3.9184884957354105 -0.39719720356988825 0.13121713054192854 0.9083041594799618 27.20538456360071
0.9120267897342756 0.18875556669831633 0.3641132665083586 5.012355315648863 -0.12434895432685962 0.9732725818319949 -0.19307464621720496 -3.946577576449447 -0.39082537323567823 0.13081214582170697 0.9111222256869327 27.328010604046845
0.9115754001305804 0.18361026463797092 0.3678553528173059 5.022974715657054 -0.11946235147847857 0.9744238405010173 -0.19033372176910754 -3.9709119870511103 -0.39339425066465294 0.12955867312851607 0.9101953162707282 27.43601825503279
0.9095137424577089 0.18219574352571272 0.3736167331928309 5.028410888739389 -0.11701005793944198 0.9746946404214829 -0.19047048137347702 -3.993340951448345 -0.3988651383883777 0.1295186047436743 0.9078169046694761 27.539079607772678
0.9101637674094157 0.17924745359581423 0.37345985979019614 5.060428548296915 -0.1144678486199938 0.9752595401114135 -0.18911885430592104 -4.015537264552568 -0.3981193641703548 0.1293799822271213 0.9081639676135024 27.627951807516403
0.9082557390657586 0.1797240692157362 0.37785019703402 5.072461598947295 -0.1135019697101262 0.9750182170136064 -0.19093658466498523 -4.032317917679717 -0.4027267253684973 0.13053250720086745 0.9059649271565753 27.740878643768188
0.9083560179323658 0.17842757433500295 0.3782234067359931 5.102616251011822 -0.11113283247261235 0.9748843607254083 -0.19300253044876253 -4.048309976134154 -0.4031610574356962 0.13328197151129634 0.9053712375801373 27.85064687473583
0.909039039772936 0.17958032750066807 0.37603049097573116 5.14348472622587 -0.11259921081791469 0.9746641308651897 -0.19326471413061022 -4.080429163192577 -0.4012099723235708 0.1333444336279406 0.9062283487778118 27.982062201784313
0.9073487382299432 0.1807258960894944 0.37954764880733644 5.1621312614467625 -0.11193580723653022 0.9741429244464914 -0.19625477779952902 -4.09573341421566 -0.40520197715563444 0.13558655255402427 0.9041170524194727 28.093512542307018
0.9079363090195234 0.17881874748772758 0.37904553065683666 5.208117743589298 -0.11057724816194801 0.9745708020713525 -0.19489593104765043 -4.122593101403985 -0.40425775311419143 0.135039280570209 0.9046215019278184 28.206505456335666
0.9091477775957225 0.17577603130754313 0.3775620549135287 5.256832050995709 -0.10775033476915014 0.974976649728185 -0.194448959477646 -4.152765804960992 -0.4022936537529443 0.13610040155184167 0.9053377805258819 28.34381937205839
0.908925364342083 0.17163530031303129 0.3799947443611097 5.29866768165525 -0.10309151541778681 0.9755596998922038 -0.19405002291959814 -4.189284530169843 -0.40401339272909587 0.1372027537358041 0.9044050988704307 28.475282815412626
0.9080276212599108 0.1730591563300509 0.3814922901441086 5.332499430027083 -0.10426785926255795 0.9753862314490919 -0.19429336845178458 -4.220365036942677 -0.40572657363533643 0.13664636076335254 0.9037221473087055 28.606135305713206
0.9066767643994561 0.17617860359741072 0.3832731982967205 5.366271633906903 -0.10629557327206642 0.9747073738613335 -0.1965878593481912 -4.256396979410068 -0.4082137871274003 0.13750139990126517 0.9024715336365429 28.757383936476323
0.9071413204416027 0.18020732398240316 0.38028929136982614 5.41753846125214 -0.10979518391556721 0.9737246420285964 -0.19951275421693632 -4.287612509583029 -0.4062507136441868 0.13923233061822188 0.9030917537959269 28.86789207663077
0.9053350181182213 0.18282515580043907 0.3833320588933605 5.440478473872862 -0.11222847581416366 0.9735023714047789 -0.19924332381713736 -4.317568173208343 -0.4096013600872295 0.13736118547761578 0.9018639756298461 28.987472149901993
0.9024805574717185 0.18390243832496778 0.3894980572014001 5.474132296679555 -0.11356841149301448 0.9738695954291872 -0.19667289342851477 -4.3562024356275675 -0.4154889400411135 0.13325878686496379 0.8997838831779474 29.16625898211472
0.9016560448238617 0.18307598504792413 0.3917901996366419 5.530573881106662 -0.11363348594831817 0.9744336495764739 -0.19382077660639527 -4.4015446475093745 -0.41725748370019883 0.1302391886945128 0.8994075527948213 29.361741411997652
0.8999765389278328 0.18495761803748564 0.3947567718347286 5.573958520261572 -0.11435415739887453 0.9739857798044146 -0.1956395344105554 -4.446227199111683 -0.4206725045270616 0.13092891303560444 0.897715023638482 29.568308999533382
0.8979733762620716 0.1865432108288641 0.3985541945810525 5.613786631020723 -0.11397914446365108 0.9733912795461465 -0.19879177933417855 -4.497023015477793 -0.4250324342351164 0.13308285914110943 0.8953414892938866 29.844988584888295
0.9001370944174519 0.18432476768516728 0.3946867001452092 5.672629461694033 -0.11242892276258398 0.9736699439411365 -0.19830929779540946 -4.529451683302944 -0.4208478924506466 0.13413135458748046 0.8971598693300835 29.995156485135542
0.901145197370499 0.18478604725356373 0.3921625300771172 5.731921378560397 -0.11235846258671554 0.9732488015323362 -0.20040545451913194 -4.561753302260366 -0.41870384419208845 0.13653163390318648 0.8978007595243443 30.154535843564442
0.9014059146443221 0.18431110409509008 0.3917866689302737 5.7827520469321385 -0.1119757335112729 0.9733231252734865 -0.20025865502510493 -4.601433412505982 -0.41824491885597886 0.13664373646494113 0.8979975930569365 30.29677651988624
0.9018875513809382 0.18596577357652697 0.3898917487228698 5.845163874614894 -0.11180276584161485 0.9723242484029351 -0.205147989309745 -4.631375178284716 -0.4172517060651275 0.14142944186324835 0.8977186233781643 30.456264558516374
0.9021761859784915 0.18733216058276847 0.38856761453406313 5.904394414744862 -0.11218201327359341 0.9716764935707467 -0.20799035492046444 -4.66208273209359 -0.41652529977323666 0.14405364783110888 0.8976386918996764 30.61406721453228
0.9020771650819505 0.18548019543061275 0.38968434064089785 5.939753449310753 -0.1096132166764765 0.9717943956456236 -0.20880755571001686 -4.698850504959434 -0.4174227245461683 0.14564597383648317 0.8969646143174613 30.781287361121315
0.9027379527303395 0.1870330125252041 0.387405267034381 5.987451284165935 -0.11038601882296209 0.9711007966030301 -0.21160852933040228 -4.728240429143235 -0.4157873441419913 0.14826292544903383 0.8972953746613428 30.926380925006644
0.90295865037551 0.18702538700456703 0.38689427538776944 6.040345899049294 -0.10989509727393514 0.9708856508722492 -0.2128476462766737 -4.762818233582208 -0.4154380137965091 0.149674839389122 0.897222770078116 31.063200192674756
0.9039420601148326 0.18615134557145885 0.38501484191818564 6.086129738528128 -0.10933283779301955 0.9709679496743631 -0.21276177120264794 -4.794253722033275 -0.4134429616470406 0.15022954851525652 0.8980512236044345 31.179823172345234
0.9016311872758093 0.19044375105235217 0.3883199451698588 6.115738715092653 -0.11261810162569104 0.9702427128872915 -0.21435074358474585 -4.834226337112216 -0.4175863567189892 0.14953346038334533 0.8962485028762611 31.335371318470532
0.899961164598561 0.19225878652172135 0.39128820736075715 6.161806807588031 -0.1130568139866378 0.9697269571834812 -0.21644349221645923 -4.882972388964504 -0.4210558858697875 0.1505529392501544 0.8944527675945464 31.527902803623792
0.8994765257953005 0.1927926844308428 0.3921389554394761 6.201452671490081 -0.11375971890862652 0.9697777911891166 -0.21584661699963636 -4.916209241781915 -0.4219012987619797 0.14953934781958486 0.8942244000007178 31.67115553255678
0.8999982317533105 0.1939016710603333 0.3903912458046701 6.2463817838265125 -0.11478114894787354 0.9694254784053382 -0.21688598309892237 -4.946781432352028 -0.42050977478189394 0.15038744554845715 0.8947374729686279 31.793615497300195
0.9008423435953071 0.194928256246651 0.38792531098441135 6.301487320963103 -0.1155493828126099 0.9689578281154995 -0.21856135858224804 -4.981296411930286 -0.41848705131382297 0.1520647962229685 0.8954020804266228 31.92614226214019
0.9008873845329838 0.19553702627613043 0.3875141181226886 6.355467710823608 -0.1160741331564779 0.9687959575714072 -0.21900042969197822 -5.015293600979919 -0.4182448039142752 0.15231435896981824 0.8954728471876287 32.05626511349769
0.9011751592602939 0.1965880145065761 0.3863113833225 6.42661685755641 -0.1174558906120572 0.9686450226143871 -0.21893134523156021 -5.055171154131677 -0.41723787710694576 0.15192094232440204 0.8960092528487361 32.21464573937023
0.9020596948233587 0.19128188977951213 0.38691025524992895 6.47247094324886 -0.11229115630344845 0.9695708057647182 -0.2175388444043693 -5.101034188303045 -0.4167481291994268 0.15278642364795497 0.8960900097410086 32.37433228654932
0.9028356146451799 0.19112481967154923 0.3851741894698756 6.543889400513693 -0.11167963224901298 0.9692712191418135 -0.2191824889996155 -5.1421925892482925 -0.41522946989464027 0.1548696453436213 0.8964373264663584 32.54539685423695
0.9035124623515716 0.18629355093357283 0.3859532915469926 6.588170023857703 -0.10567337926128939 0.9696145075184109 -0.22063735795492034 -5.181461319797901 -0.4153292275904721 0.15856361401780722 0.8957450602815008 32.722511864823204
0.9030322364407559 0.1892043568135426 0.3856611094102932 6.654309499231626 -0.1079582341329406 0.9689220884325574 -0.2225646113612561 -5.222057706799551 -0.41578576169910214 0.1593477264044371 0.8953940487059481 32.888547309274024
0.9028578968631176 0.1917690321375206 0.38480158053852226 6.714346906267961 -0.10984383845306904 0.9681977115135554 -0.2247832791241569 -5.258752058932985 -0.4156704815425354 0.16067927599087267 0.8952095961512262 33.03641849572052
0.9035225738493352 0.18660295250334658 0.3857801143938144 6.776743588304211 -0.1032741342857849 0.9684993277192819 -0.22659105321000444 -5.307598294712813 -0.41591034097770807 0.16488902426884297 0.8943322637272297 33.25882979765786
0.9036050909012162 0.18971040958179586 0.38406744224642375 6.864614188294669 -0.10625885462130363 0.9678307588457197 -0.22806288178194473 -5.349009452579779 -0.4149781867905497 0.16526821451332913 0.8946952116556787 33.42895897296163
0.9044146811285568 0.19334975322125092 0.3803287492267848 6.964342686441643 -0.10981145942915445 0.9668783896798143 -0.23040751495601505 -5.395801582390974 -0.4122808847584003 0.16661948415310965 0.8956910290738531 33.61408775798769
0.9070444725399618 0.1867850151209055 0.3773349744735891 7.045566215417081 -0.10379574739212542 0.9677487605125081 -0.22954036540402312 -5.44371890459422 -0.40804015446768493 0.16903755397184775 0.8971786542763923 33.765875945936486
0.9078034427670179 0.1880468287039386 0.37487504520138465 7.109370641463602 -0.10446975982673994 0.9670614355287236 -0.23211688692308824 -5.47714366849325 -0.4061760438308653 0.17155340313591538 0.8975469075710689 33.89813373845462
0.9075111773407242 0.1896456920834867 0.3747772331343341 7.160647258670312 -0.10622957779868604 0.9668891107878814 -0.23203604082239274 -5.514903438315966 -0.40637266123887533 0.17076287334779014 0.897608657090403 34.02690319272548
0.9065368668551543 0.19277979021018618 0.3755354331071247 7.213306023833303 -0.10898830171442572 0.9663552004290891 -0.23297891898851847 -5.55227495135463 -0.4078142458544646 0.17027501017521574 0.8970473576060409 34.16200310373037
0.9061693823771112 0.19556991717590116 0.374979276678185 7.274809034175249 -0.11191585419588464 0.9659361644383989 -0.23332845477917655 -5.601367434748605 -0.4078380708343574 0.16946897570305833 0.8971891518806174 34.305076730069736
0.9062896970934196 0.19496113465641957 0.3750055211804193 7.336268019128153 -0.11097208817550193 0.9658909668820865 -0.23396545843682778 -5.643776889246965 -0.4078286166863309 0.1704253386943024 0.8970122760267228 34.45421030204272