1.0 0.0 0.0 0.0 0.0 1.0 0.0 0.0 0.0 0.0 1.0 0.0
0.9999993041597539 0.0008733887336331582 0.0007930145825124636 -0.0185187030823866 -0.0008730216370699576 0.9999995116667129 -0.0004631409687882762 -0.0037780862497750712 -0.000793418697361261 0.00046244832762711973 0.9999995783140685 1.378143887214033
0.9999875092693138 -0.0010433114841791513 -0.004888026851526632 0.07190031749899713 0.0010516188268044717 0.9999980066892614 0.0016972670228285567 -0.08032059779313173 0.0048862463299936005 -0.001702386163786219 0.999986613149472 2.6854400266894585
0.9998420063682811 -0.005261174013548743 -0.016978879511014747 0.3463456373358061 0.005405973768970389 0.999949315571459 0.008493629128924915 -0.31535581219754405 0.016933332485355654 -0.008584074566875386 0.999819771716268 4.025540833904818
0.9996134404447612 0.00363580022196273 -0.027563574494869496 0.5510230705889334 -0.003811751975274873 0.9999726774332371 -0.006333635123799793 0.013993443213724255 0.027539793555276207 0.006436252306149776 0.9995999872084753 5.461873169871321
0.9995229694193485 0.0030062554016204316 -0.030737534572392918 0.5267858800902276 -0.0032851817175946862 0.9999538504925747 -0.009027982396713551 0.03714998207801347 0.030708975629467086 0.009124654159649925 0.9994867180219332 6.77427106684955
0.9995075546190378 0.008726999103238752 -0.03014113047188951 0.46232470005185455 -0.009060164914688766 0.9998991678199761 -0.010934697281478637 0.09966505810496645 0.030042664182625994 0.011202396153100659 0.999485840144441 8.156719615964622
0.9992518493927447 0.02280571492546848 -0.031235250149760994 0.4237243283021485 -0.023166845833441075 0.9996683245641333 -0.0112489162708035 0.17593878352912734 0.03096835060686077 0.011964122612053053 0.9994487585818566 9.54419131093712
0.9993584852244395 0.02614331937096807 -0.024477435776280653 0.19372147739874152 -0.02647917642109603 0.9995582180690903 -0.013498959463776716 0.14282112569808184 0.02411371447900245 0.01413844202208227 0.999609240269023 10.852109065259555
0.99889150736624 0.03271779001343358 -0.03384232155509265 0.28128456367162086 -0.03354031178171314 0.9991484605565087 -0.024029175040841417 0.22506864922805217 0.03302732198024689 0.025137620893688206 0.9991382767258085 12.197570432241092
0.9987717897359505 0.035843785794900294 -0.03420723677142176 0.230888753913089 -0.03677625965516678 0.9989578705515598 -0.02703108560284413 0.18022650243203658 0.0332026919604806 0.028255899967649985 0.9990491406150127 13.582751529188226
0.9985571337423882 0.04005846324079018 -0.035762692501728394 0.18390344051925073 -0.0411598711772197 0.9986835289439697 -0.03061166478147161 0.16421865484460038 0.03448935570377628 0.032039484059590846 0.998891363364572 14.95665324414159
0.9990194495103513 0.02753710846702075 -0.03466766731857186 0.06947081924657267 -0.02856649123274416 0.9991548355139981 -0.029556221809367064 0.01251055176577029 0.03382447455150191 0.030517574056115486 0.9989617523183978 16.23191632188509
0.9991853556508741 0.023774220607074906 -0.03260999060661151 -0.04098018240660861 -0.02464895099714049 0.9993398312421228 -0.026689528053253097 -0.07418267932095973 0.03195393978178166 0.027471587640523376 0.9991117342944836 17.53978494423213
0.9991562560966193 0.018705997125473023 -0.036563117680659125 -0.03068714389605478 -0.01962915720091258 0.9994933524674228 -0.025054631528188917 -0.14070105928034693 0.03607592120195686 0.02575119502029479 0.9990172190029843 18.9073220824086
0.9991039626762145 0.01619851692313014 -0.039100892754223425 -0.059154130179575354 -0.01733854860383182 0.9994291604800671 -0.0289953084898266 -0.19191681576352 0.038608891424110864 0.029647280340677477 0.998814493422779 20.298947187211866
0.9991325781514654 0.014490743743832373 -0.039039846594949315 -0.1140218892268314 -0.01572881964162433 0.9993769890144787 -0.03159490561839066 -0.255320267203356 0.038557690660721004 0.032181550212883644 0.9987380298741044 21.69332488850878
0.9991543362679112 0.016998192805409266 -0.03743893372387629 -0.23217527589534187 -0.01831230872327799 0.9992180659873197 -0.03504163172260901 -0.2975662909959697 0.03681401453596209 0.035697591598170056 0.9986843396628566 23.038134240856085
0.998747592634677 0.02169459709292039 -0.045084261815114206 -0.14142343704575971 -0.02341605896236569 0.9990028699764314 -0.03801255005288807 -0.3283150029658551 0.0442146399861961 0.03902063858816465 0.9982597133887867 24.535398687967845
0.9965123812199641 0.02542688602901081 -0.07947671069052567 0.3996503777171269 -0.02850681195025132 0.9988763175424736 -0.03786111362888674 -0.4031086626611908 0.07842471388376773 0.03999469614404099 0.9961174571969889 26.27672742483166
0.9905795372067705 0.019091987355538832 -0.13560116697889252 0.885217138185102 -0.025857690019764595 0.9984976685201246 -0.04830927267840522 -0.3885949103655395 0.13447512905390094 0.05136050991462894 0.9895850330756047 27.518151790382557
0.9914985800307305 0.00830450807557389 -0.12985222733041202 0.5846584670779561 -0.014012814692279338 0.998972127828791 -0.043108338469680145 -0.5848957481955055 0.12936076229462362 0.04456145157913283 0.990595815765297 28.836339101708766
0.9913780407915624 0.003894492368641795 -0.13097485699734432 0.39508473871938943 -0.010007303306970682 0.9988891978202534 -0.046045894046397515 -0.6838867806346307 0.1306500444577287 0.04695959334577305 0.9903157892692577 30.20315683820172
0.9910776887002437 -3.12263268244277e-05 -0.13328546051801954 0.21465370221235094 -0.006401259370101607 0.9988348740467266 -0.04783218860282027 -0.7756989654970123 0.13313165979233005 0.04825860972899662 0.9899227584756111 31.601192183478226
0.9900699911761993 -0.002518354626061407 -0.1405527319632713 0.12209566350331469 -0.0036885205959039423 0.9990298899984923 -0.04388249885105643 -0.9532900534157265 0.14052689204623925 0.04396517689691223 0.9891002253726601 33.08443773078261
0.9900802388235216 -0.007394258920865854 -0.14030839471026238 -0.07322986879280924 0.001239198997760809 0.9990349493484803 -0.043904833061091504 -1.0641683732930545 0.14049763370606472 0.043295437580530054 0.9891339242022315 34.464032294136544
0.9899776729529244 -0.006728589088019209 -0.14106357837371836 -0.2765188345883404 0.0002192631331538494 0.9989363687240689 -0.04610946935335961 -1.132776559741452 0.14122379041221073 0.045616415129365144 0.9889261770690229 35.85474537174015
0.9900709755917171 -0.006497744186773427 -0.14041809930115834 -0.4522447101741683 0.00020140979926854783 0.9989956116493243 -0.044807670542931194 -1.2387975630848296 0.14056821377878947 0.044334492507238324 0.9890778685468425 37.13922704837603
0.9901727891631301 -0.004468340960095396 -0.13977797226306052 -0.6625302844634553 -0.0019811585702298883 0.9989409533808012 -0.04596788737122822 -1.3232943009373068 0.13983534106808684 0.0457930735779841 0.9891152975263562 38.53383709886491
0.9899801359018591 -0.0057589060660715 -0.141089211212834 -0.908775546151054 -0.0004442158942321924 0.9990360485016393 -0.04389506198272982 -1.4312426222248094 0.14120599559500585 0.04351791349720894 0.9890232848689012 40.07104303856078
0.9934639900235788 0.002456717686890342 -0.11411952096218343 -1.6338884837835945 -0.008391852905635993 0.9986348035482772 -0.05155682250587385 -1.4401195212891704 0.11383706483936354 0.0521775208331993 0.9921283329229433 41.035806470712316
0.9932607808764532 0.004487713147569855 -0.1158139957146986 -1.8153577343943526 -0.009844999090159644 0.998905450323594 -0.04572720532386661 -1.6103277318364593 0.11548202096263226 0.046559228349720753 0.9922177891420129 42.5274689062963
0.9936179285952743 0.0019090765445817324 -0.112781946253751 -1.9727943451913004 -0.006428075490986093 0.9991902357249886 -0.03971841735672219 -1.790918987049693 0.11261479396384483 0.04018990244560846 0.9928256039818336 43.660821181186456
0.9945988647755966 -0.006813816693257447 -0.1035696388386384 -2.2332419376154653 0.0035084051129277934 0.9994796729338488 -0.03206360063387872 -1.9855618576633167 0.10373422424956419 0.03152705654062844 0.9941052536956159 44.78428806992426
0.9942189342313765 -0.009750074016994835 -0.10692823234529746 -2.3554642261569487 0.00618977338251954 0.9994169439222474 -0.03357765487026836 -2.0107347541364655 0.10719327180984742 0.03272167871269656 0.9936995995877842 46.28195093409336
0.9940955861050249 -0.007954052925803206 -0.10821598185370647 -2.529179813238036 0.0039580053273151625 0.9993040391717382 -0.0370913937305758 -2.0442053162029072 0.10843569467816926 0.03644407135737151 0.9934352167014019 47.73648193602378
0.9937282993520143 -0.003771135548099504 -0.11175797780754652 -2.677009950570982 -0.0008281577224020501 0.99915555516884 -0.041079078982279436 -2.0838873650462113 0.11181851913587934 0.04091399652836913 0.9928860275310228 49.257006724446626
0.9943920384467385 -0.003896471155852475 -0.10568486829377462 -2.9960016255910515 -0.0005572471534561119 0.9991141201130319 -0.042079264090175025 -2.16572797758097 0.10575520483338317 0.041902177786988036 0.9935089552426573 50.58629535054374
0.9929845995305034 0.0009966867918923161 -0.11823955222633789 -2.9713601789416835 -0.00785383039302003 0.9983121994279429 -0.057541896227877184 -2.0076321168380495 0.11798263619449972 0.058066850170996866 0.9913164673643906 52.33368293878694
0.992159647140657 0.006590292426745389 -0.12480305537708988 -3.0539915103340816 -0.015275474037089742 0.997516095501012 -0.0687626287263443 -1.968149099147813 0.12403989067501296 0.07012993128575613 0.9897958871702718 53.92902386206121
0.9918264068754035 0.004321219329106251 -0.12752139306067795 -3.194502072347185 -0.012871406204689443 0.9977166180153688 -0.06630141053014761 -2.1232084233592654 0.12694371007237823 0.06740086942675937 0.9896173084953479 55.38716275607559
0.9913810843769076 -0.0003133623037620903 -0.13100934067360442 -3.3246503057017494 -0.008026489559365815 0.9979733162583402 -0.06312555347624939 -2.298035385706699 0.13076360734171918 0.06363302476227282 0.9893693532521535 56.87055248943391
0.9911976755232851 -0.005980572492728013 -0.13225505960036132 -3.5206732281944544 -0.002115272860861179 0.9981362081126515 -0.06098881598474124 -2.449646205622784 0.13237331172845976 0.06073172817527728 0.9893376387942006 58.309414723186414
0.9905902578720426 -0.00654848459491942 -0.136704273373255 -3.654692679533132 -0.0018001393149855804 0.9981448162663923 -0.060857910405922463 -2.5863355292143386 0.13684918891775044 0.06053133989958228 0.988740742754396 59.82263116904109
0.9909845914288932 -0.007660469623703639 -0.1337567073295894 -3.8831129894758925 -0.0006632461834516325 0.9980712608566236 -0.062075102549803335 -2.6683941502808337 0.1339742499699447 0.06160418376387103 0.9890681598796809 61.16598293387933
0.9918361918041649 -0.009641166977696285 -0.12715351558930277 -4.163298233628165 0.0024112091120464837 0.9983774352175717 -0.05689185283501225 -2.863594499375754 0.1274957046257984 0.05612080494514398 0.990250120199074 62.442526013358595
0.9933968932834616 -0.006863418930550985 -0.11452294920822399 -4.451432271148334 -2.7320378848629757e-05 0.9981948100036355 -0.06005930848255097 -2.949417808155329 0.114728425720754 0.059665859269678545 0.9916034356380822 63.363438795891724
0.9934254891586897 -0.0031636372601176917 -0.1144368336205769 -4.6273909013483205 -0.004376459884209559 0.9978378802660278 -0.06557752133987162 -3.0272748938091927 0.11439687097424943 0.06564720942649291 0.9912637387727924 64.78746806632576
0.9931953831279653 -0.003795073528543919 -0.11639814581945075 -4.782099818732331 -0.00401552851349733 0.9977586642193281 -0.06679463680579632 -3.1416749853357078 0.11639074904841204 0.06680752496668252 0.9909540595525986 66.28523285422558
0.992863292697824 -0.00549750276566461 -0.11913126993604611 -4.927234170554365 -0.002108163813859385 0.9979717873665163 -0.06362285175795074 -3.31333632766021 0.11923941319281751 0.06341994231960295 0.9908379651878557 67.7725001835918
0.9924764983939824 -0.002367958979624835 -0.12241238869447928 -5.05705480689484 -0.00514087777442365 0.9981252436974082 -0.06098827157493106 -3.489958508437914 0.1223273130225865 0.061158733344142596 0.9906036734357558 69.25511407079647
0.9927303295888128 -0.005136567800673712 -0.12025019079284062 -5.258764301796732 -0.0011912336071055578 0.998620685017371 -0.05249103178572196 -3.697666118821184 0.12035395164671063 0.052252685353630084 0.9913549229193122 70.46796149130014
0.9930146348884049 0.000983422047452096 -0.11798715090433791 -5.508348719767619 -0.007760577705208042 0.9983443514894076 -0.05699411621277716 -3.7334607517135905 0.11773575638321529 0.057511639954627644 0.9913781836103723 71.86336720625388
0.9935325180137035 0.004749575597091355 -0.11344856623596489 -5.775512669319985 -0.010886075695338459 0.9985067668422954 -0.053532512794572176 -3.931115422832321 0.11302490435874711 0.054421301911964634 0.9921006465540189 73.16747085406809
0.994343325844792 0.021069584574044314 -0.10410294402077878 -6.022156023648896 -0.028170157673685668 0.9973407746318393 -0.0672147414887688 -3.926454465577681 0.10240992415071824 0.06976712594510069 0.9922926763676149 74.21638296786969
0.9935647553995633 0.02201455344188081 -0.11110551860532876 -6.138265962082378 -0.02993384796823272 0.9970893258315804 -0.07012019009200686 -4.006074303964071 0.10923846197021993 0.07299476521969944 0.9913317924271878 75.91223826962792
0.9927217148266467 0.014932035335070582 -0.11950159510396756 -6.04922933805247 -0.022171768108599 0.9979829762767045 -0.05948438249514626 -4.257589644121305 0.11837233465036874 0.061700999851238815 0.99105044120205 77.31411848938558
0.992535005394127 0.008199887978692989 -0.12168411935998831 -6.239258225794305 -0.014776927368519828 0.9984720567430957 -0.0532465428056866 -4.453301679304337 0.12106157724408045 0.0546471750445458 0.991139637374485 78.79542519303968
0.9909846749166302 0.004581585862578202 -0.13389691240414678 -6.1334508332571485 -0.012745976358509355 0.9981060513402694 -0.060181810911635304 -4.404935953010865 0.1333675903922997 0.06134589920214187 0.9891661976048473 80.37020515023629
0.990985545128578 0.0004632760002491565 -0.13396803619357148 -6.409088185120095 -0.008630721930455528 0.9981374645833544 -0.06039132747400007 -4.488971366105626 0.1336905381288206 0.06100317344581652 0.9891437978597275 81.86045363709935
0.9911061987630352 -0.0010909466633414228 -0.13306882658558267 -6.671371707769616 -0.007058231748995905 0.9981278605367271 -0.06075323353495696 -4.604401887289601 0.13288598172141258 0.06115213696800233 0.9892430095816611 83.3121448788288
0.9911525858709797 -0.0033358408602564634 -0.13268543132923055 -6.908470210958729 -0.004629718938792335 0.9982068461969416 -0.05967962724500661 -4.74519193916578 0.13264658768252083 0.05976591312203146 0.9893598528366069 84.75340486434631
0.9910019750595037 -0.0037503502240941312 -0.13379469459346316 -7.118496779557009 -0.004024158263954496 0.9983206485583139 -0.05779004077152098 -4.875059669944761 0.1337867391725655 0.05780845556926831 0.989322642461127 86.16987778165979
0.990968964632835 -0.00571229756467244 -0.1339697010187695 -7.313289714788709 -0.0016459345628863503 0.9984987573767593 -0.05474963393925174 -5.036468069937761 0.1340813261939952 0.05447569342009358 0.9894718777168245 87.54110760850666
0.990693043458933 -0.006946978679092575 -0.13593760748706493 -7.515386236052369 -0.00038047262561788115 0.9985514985393933 -0.05380297394487609 -5.1614724892959165 0.1361144697769353 0.05335395254303198 0.9892553800032522 89.00698330698168
0.990591967137989 -0.00948851546590518 -0.13651931261159014 -7.760957496548268 0.0018822779207180228 0.9984437099848171 -0.055737016618967766 -5.237349465461079 0.13683571051270563 0.054955673647105845 0.9890681787735742 90.42690167861085
0.9902451606828453 -0.011477855902952059 -0.138862451973438 -7.95042870381746 0.00354826907768013 0.9983554473946142 -0.05721722156878766 -5.326852668017416 0.13929081639058868 0.05616635542182211 0.9886573769450526 91.85605564153796
0.9902371863030437 -0.012179341603612866 -0.1388595639512531 -8.175040916904212 0.0035672111235908297 0.9980634715940824 -0.06210138222590056 -5.364798689314483 0.139347012409414 0.06099975661976193 0.9883630101460189 93.20325035581476
0.9891881195797517 -0.0172663964288042 -0.14563219299535488 -8.310930003399676 0.008846192248547583 0.9982617265918502 -0.05826894631413247 -5.536933874845358 0.1463851391534491 0.05635065905755594 0.987621382038078 94.77266520267897
0.9885775225762939 -0.017172800593962687 -0.14973168260817457 -8.48909118014024 0.008357952903047831 0.9982050566985082 -0.05930269306530565 -5.636351572680529 0.15048131605015147 0.05737385904126923 0.9869466114327187 96.19226486618933
0.9887641119686553 -0.013347612170469975 -0.14888711204191274 -8.734516771726792 0.004075709101893068 0.9980424736839246 -0.06240680506314082 -5.744233062613585 0.14942864343274723 0.06109878863135385 0.9868829811834983 97.48975622945629
0.9881647954210935 -0.01645431713176357 -0.15251095874760462 -8.927785813490553 0.007325747390764473 0.9981579490578114 -0.060224929704146835 -5.898799318624039 0.1532209858849398 0.05839489858224 0.9864650856994464 98.94335384593738
0.9877359155085621 -0.018925553694604975 -0.15498253008585394 -9.123828512348112 0.010028521266899303 0.9982668726324165 -0.05798861755459622 -6.019938822539337 0.15581139231667032 0.05572319465040142 0.9862138386791643 100.37963141952828
0.9874443801322066 -0.017795960510078042 -0.1569614600302992 -9.334631715391472 0.008819680428000286 0.9982950086961214 -0.05769999003083308 -6.116933838913614 0.15772066884992414 0.05559118097265123 0.9859177507356267 101.7599699378882
0.9870753689700595 -0.017914627232792107 -0.15925225933633747 -9.539785177827875 0.009169056489204621 0.9984175530071082 -0.055482594120996945 -6.234684447459729 0.1599942010690255 0.05330530910151111 0.985677634749757 103.17011491825595
0.9867700216882505 -0.017511233328101054 -0.1611777931499724 -9.724220355499474 0.007745297551708099 0.9981064247350309 -0.061021105107074765 -6.293570306130416 0.16194114567706996 0.05896542724327534 0.9850371280955935 104.5355621868348
0.9862608123106772 -0.018401376191332735 -0.16416759562881095 -9.933175038420579 0.008562651447090733 0.9981351917923711 -0.06043856306863768 -6.441402241954778 0.16497360728454524 0.0582024764066886 0.984579189623492 105.92608142166195
0.9863653526115869 -0.021176935838866928 -0.16320210953260528 -10.190210385385859 0.011410548335292972 0.9981000019044387 -0.06054903455090547 -6.582989418386653 0.1641742688550916 0.05786124425585185 0.9847329007700817 107.23134115705184
0.9858626867789652 -0.02445261912525814 -0.16576137135916616 -10.40459897115319 0.01502157759701621 0.9982086610202294 -0.057912185856669 -6.71715688575982 0.16688054117677456 0.054603465843439364 0.9844639894350783 108.57881299734848
0.9856765770125585 -0.02865999433419917 -0.16619353252628663 -10.607651297074797 0.01936397829501461 0.9981698763493893 -0.05728816887660945 -6.7997835558827076 0.16753125640725205 0.05324943824500339 0.9844276385053388 109.95438270151993
0.9861019707333224 -0.026517301917761422 -0.16401138989367953 -10.87142287911895 0.01726423945195664 0.9981911664423986 -0.057587683340356625 -6.912321972974057 0.1652417905736917 0.053955796123919944 0.9847760774473724 111.27145933664276
0.9865858107592281 -0.02708809220553371 -0.16098035056868862 -11.14556314046684 0.018302380043514043 0.998273592774385 -0.05581090264513045 -7.079174879780915 0.16221424380521024 0.05211592107970455 0.9853783384450445 112.51965408379859
0.9865649947000318 -0.02642063618594844 -0.1612186751466873 -11.379443010062756 0.017178723239333504 0.998142374806181 -0.05845246858896466 -7.181791617758713 0.1624635426807804 0.05489762836231918 0.9851861995073833 113.91234021486544
0.9868412105660684 -0.02143453950910907 -0.16026536008921574 -11.606103398618753 0.011003129414869299 0.9977790987906395 -0.0656947574743874 -7.218175894262249 0.16131756343180118 0.0630668734960869 0.9848853807402431 115.27528067363613
0.9871727709808729 -0.013697763488248051 -0.15906694034073426 -11.842860924299577 0.002568369821192847 0.9975463122743329 -0.06996254958433563 -7.2699193261833175 0.15963497019890194 0.06865658120893514 0.9847857381919657 116.63174895217853
0.9874899569869909 -0.010191873888757821 -0.15735218637331938 -12.066892845647953 -0.0009134923892294198 0.997522416842165 -0.07034339648482368 -7.367018919122581 0.15767926427239262 0.06960713759379851 0.9850340583017997 117.97627008915781
0.9883387275681492 -0.0108142266066211 -0.15188683975864803 -12.341112450675093 0.0006446572069980022 0.9977631540555117 -0.06684514063327948 -7.5065389168033345 0.15226997079547258 0.06596772629171137 0.9861349375627282 119.24525752916475
0.9880112711699094 -0.009024531547427675 -0.15411776624246273 -12.52843410377104 -0.0024032108644379143 0.9972699729724347 -0.07380261231894776 -7.551770492136766 0.15436305457834784 0.07328819030314088 0.9852922858438153 120.6358440128896
0.987827777506753 -0.010296968959640081 -0.15521035537717864 -12.731033345566386 -0.0013653774676963405 0.9971941884659993 -0.07484574960549432 -7.674555907896997 0.15554554873231388 0.07414663121060804 0.9850420596856153 121.97955259828453
0.9874435538440302 -0.01056825710576444 -0.1576183362227108 -12.908657799445558 -0.0015808894819698254 0.9970486764205643 -0.07675570100290384 -7.79719762137591 0.15796432749299727 0.07604109934599773 0.9845125811537072 123.36603194595709
0.9878051137957794 -0.008057017328539907 -0.15548678924806508 -13.103384474212177 -0.003269995496611147 0.9973662657412725 -0.07245577334320313 -8.016784740854831 0.155661055785822 0.07208062453306817 0.9851771512162488 124.54182355551215
0.987867029114473 -0.00814780371536647 -0.1550881880839353 -13.326908912437085 -0.003617359373371399 0.9971446809054103 -0.07542811182318859 -8.119713707794325 0.15525993526891016 0.0750739544493527 0.9850168799891845 125.8302398871662
0.9885028497780391 -0.006358068031257301 -0.15106849754863672 -13.481024947368915 -0.004261096558864845 0.9975472717274239 -0.06986618441913946 -8.355292468427372 0.15114218152722503 0.0697066398564953 0.9860512285490574 126.83197290062957
0.9885557118813605 -0.008743289541669886 -0.150602654009563 -13.692492562245693 -0.002510885732293558 0.9972271219935434 -0.07437582008498116 -8.424904334078335 0.15083534055244824 0.07390278782606723 0.9857926140887644 128.2242777568596
0.9883725879280947 -0.011155815804332177 -0.15164160117216471 -13.863260933087814 0.0003800936097715847 0.997483040345722 -0.07090444098575562 -8.58671862620364 0.1520509222634507 0.07002236782910562 0.9858891342551842 129.44716229556116
0.9885577420373867 -0.010763416261704526 -0.15045843123041658 -14.097711332357806 -0.0001604193304746794 0.9973753934346519 -0.07240372115238025 -8.658064691866503 0.15084284843365692 0.0715993955383044 0.9859614402373794 130.76789616134107
0.9888136849421394 -0.011210370298199525 -0.14873407164776256 -14.330621691919905 0.0001448218766956789 0.9972432717656796 -0.07420132037037279 -8.752632814791806 0.1491558765110132 0.0733497410756165 0.9860894178452422 132.12553551650495
0.9888667015243418 -0.008636799574195947 -0.1485531969009097 -14.508255466366673 -0.002266011404465234 0.9973243921981318 -0.07306792674588129 -8.925766458530287 0.14878679984689558 0.07259106294676966 0.9862013109764026 133.4062603597677
0.9894106634511695 -0.010440369880728214 -0.14476718456151144 -14.784722549027444 -3.071402736731847e-05 0.9973944897321431 -0.07214035561740909 -9.054700495110472 0.14514316417166087 0.07138088349629311 0.9868324231426145 134.7060090779419
0.9896505718918654 -0.0160469061194957 -0.14259818497474708 -15.046236397929853 0.005512668322012361 0.997245695962738 -0.07396372334979813 -9.20174659146466 0.14339231514300763 0.07241214461529329 0.9870132345972569 136.04375467117816
0.9886068912927903 -0.0168464158200863 -0.14957477314847645 -15.146741825639616 0.0048518329670418445 0.9967672508590482 -0.08019667905689785 -9.260760922973546 0.1504422620318553 0.07855727775904643 0.9854927092098773 137.61226529378257
0.9888699755693943 -0.014644818403693222 -0.14805978762413813 -15.419049382604742 0.0021496387399387606 0.9964463117968343 -0.08420289044785656 -9.357823364087 0.14876676534317013 0.08294743516474096 0.9853873210717288 139.05406887339595
0.9885954092575108 -0.013838590083372836 -0.14995869504458967 -15.608806348194364 0.0010059627731909952 0.996353571022152 -0.08531441584107863 -9.500140388048223 0.1505925125425261 0.08419058697924607 0.9850044874162838 140.39143974847556
0.9877057089742444 -0.01562288325187954 -0.1555421421306148 -15.742205125656648 0.0022852992511873723 0.996330308760859 -0.08556104985227765 -9.65735201397258 0.15630806078707143 0.08415367706398603 0.9841168369505687 141.77169479455375
0.9873364982035882 -0.015454125133059516 -0.15788543102973346 -15.949980437620141 0.0018133041245215668 0.9962780979990921 -0.08617809104095746 -9.818447725619773 0.15862960393074502 0.0848004803269615 0.9836897515441992 143.07363527987047
0.9863546289294881 -0.015889232274786523 -0.16386603762551633 -16.100711924735638 0.0015190639842171466 0.9961677943990619 -0.08744951598905545 -9.9923990235812 0.16462757495019226 0.08600731189745545 0.9825988519564784 144.56233828313194
0.9859430299741965 -0.016309289504591713 -0.16628394005782332 -16.292741929330575 0.0019090701885138524 0.99625916205701 -0.08639466111097233 -10.210984191978516 0.16707093432525527 0.08486276623655352 0.982285912456431 145.8122419863208
0.9858234543401106 -0.02414188662478801 -0.16604001380126812 -16.577334140496944 0.009792428930794864 0.99618605645076 -0.08670322524980811 -10.393601252250082 0.16749992599569957 0.08384813798337801 0.9822999870447686 147.21295432171362
0.9854428769361295 -0.030671004718957087 -0.167217301034825 -16.81369065587413 0.016669449976419202 0.9962838458928884 -0.08450223577136429 -10.546904419548401 0.16918766424691042 0.08048470589127708 0.9822920881205682 148.53299273468178
0.9837598727610323 -0.03666470115702828 -0.17570490156583768 -16.884222901445376 0.022368695477028584 0.9963263513072979 -0.08266464270377798 -10.720981570211231 0.17809029790488567 0.07739186895115789 0.9809660261254682 149.91275807790532
0.983796378019636 -0.03952429004114583 -0.17487857813976543 -17.178072045526285 0.024981368214923767 0.9961023075958008 -0.08459387710958434 -10.913345965416157 0.17754046816867736 0.07885444374963607 0.9809492131927011 151.267200895519
0.9830822815318168 -0.039721196771926995 -0.17880563264394267 -17.331733531434438 0.023397514726413965 0.9954383695896939 -0.09249328977412 -11.012012027367925 0.18166393159574087 0.08674490691457352 0.9795272007869701 152.7290188851234
0.983545176266808 -0.03669359449153878 -0.17689676753853048 -17.616644529535193 0.01991894110415759 0.995212148880105 -0.09568706551427357 -11.165946517078238 0.17956091453203152 0.09058895542357456 0.9795670059407285 154.07437875855663
0.9822548921975653 -0.03606813510795591 -0.18405003771741008 -17.702123502349384 0.01869113152545671 0.9952740125640118 -0.09529051115945035 -11.349913244304224 0.1866171705825698 0.09015946730413607 0.9782869221752827 155.47468968803304
0.9816706270019382 -0.038697798401735484 -0.1866152739742295 -17.89166861444268 0.02096115973164945 0.9951512229870902 -0.09609720687929987 -11.47204472204851 0.18942916846231053 0.09042413276419853 0.9777218757650445 156.87932747610222
0.9810870965070838 -0.04467986949525909 -0.18833963557675057 -18.11643326929134 0.02783318150077055 0.9954469178717316 -0.09116330241503662 -11.673673856230304 0.1915552742026223 0.08419704841356944 0.9778637092987951 158.24211122821632
0.9806810119810974 -0.047586239688537424 -0.18973745685033444 -18.35063572753606 0.030637891934550715 0.995353888410401 -0.09127955085396604 -11.819973551413277 0.1931995660386801 0.08370296660573102 0.9775826006347815 159.61179251380943
0.980561518804426 -0.049058055777392036 -0.18998003843376837 -18.597707576773693 0.031586538597869834 0.995077994187232 -0.09392590730847504 -11.9651907900053 0.19365277797996897 0.08609931850866963 0.9772847634814433 161.01341118998025
0.9807447094539911 -0.05347938115094743 -0.18782909963505348 -18.900457297134864 0.03716019660916786 0.9953062777279238 -0.08935621580703407 -12.187466830718291 0.19172619713010322 0.08065586963821682 0.978128670486112 162.2911324485452
0.9811854627815385 -0.05066479747056555 -0.1863012772995442 -19.16692941041284 0.03401740850544291 0.9952244248789245 -0.09149404375689033 -12.329729788264988 0.190047108751354 0.08343513901037498 0.9782232230087199 163.61981769739018
0.9811512500488137 -0.048825083503369365 -0.1869714837843902 -19.39882801893556 0.03151203733431841 0.9950283061659089 -0.09447571874107334 -12.488050183317274 0.1906547036678824 0.08680311716459824 0.9778118442828446 165.0128752463655
0.9820467293643868 -0.04291134836743615 -0.1836922358892637 -19.717360880268657 0.024491210293556723 0.9945445918146828 -0.10139642750374518 -12.564795974286975 0.18704117718584104 0.09507718482082912 0.9777402144554953 166.29032376848897
0.9831130743838827 -0.038132016855547776 -0.1789822121496887 -20.05047506494966 0.019767231531192656 0.9944548007706797 -0.10329039539927945 -12.68829884921163 0.18192839122319587 0.09800815534778512 0.9784152809274094 167.57402118421913
0.9827533727329258 -0.03731212889137424 -0.18111767837417198 -20.286572653180738 0.019189623070361282 0.9947217092309724 -0.10079920411902994 -12.891485516182016 0.1839227195005392 0.09558517783739262 0.978282120366777 168.93448082488555
0.9821979587882741 -0.03470799626026919 -0.18461453016418392 -20.486571405529425 0.015167511170154161 0.994226754163099 -0.10622197470962139 -13.043386033329664 0.18723545699746216 0.10153086378981241 0.9770539224326583 170.37073505286804
0.9830161122313016 -0.030156776985590113 -0.181024561580731 -20.81794287188857 0.009986254294898963 0.9937347262313644 -0.11131742274699086 -13.18722632413453 0.18324736783597223 0.10761906282678804 0.9771584004128855 171.62966389906703
0.9836314572382607 -0.02608032395337528 -0.17829462424262804 -21.143059966211485 0.006313594597830747 0.9938509873129772 -0.11054570792334649 -13.393033680227324 0.18008135621042834 0.10761055579963648 0.9777477555207701 172.9147092630045
0.9815908211607217 -0.024581187021438317 -0.18940756335910772 -21.310280992660505 0.005108268475705783 0.9947075917929626 -0.1026192595111865 -13.688041172033884 0.19092764442635712 0.09976257852552374 0.9765214091456155 174.63272516871294
0.979382215751748 -0.025394141529533266 -0.20041360494031255 -21.51501983257291 0.005491159625283352 0.9950476830215149 -0.09924694292261077 -13.875155567396869 0.20194138415679763 0.09610018777032864 0.9746714478609402 176.41558195336322
0.9788104511792084 -0.02413671733968299 -0.20334089489922136 -21.801994916433614 0.004091863047105604 0.9951358995007197 -0.09842661317802448 -14.029707454183795 0.2047275196917984 0.09550895455902057 0.9741481829166878 177.85625226214486
0.9786588659395405 -0.025843258490437802 -0.20386012388038585 -22.115549147209336 0.005427336605984742 0.9949649346874541 -0.10007658447286512 -14.171276348758877 0.20541997988339697 0.0968344191544807 0.9738715146936565 179.2681979116814
0.9784269202832969 -0.025883598285804495 -0.2049653653784448 -22.396180661041946 0.004518834709478107 0.9945643997595232 -0.10402516457015053 -14.293753866512379 0.20654380116045296 0.10085481679502305 0.9732255463824566 180.59157925445882
0.9781326906339451 -0.027919244967165465 -0.206099382031242 -22.70145799133484 0.006166053248589335 0.994406172920587 -0.10544355383220987 -14.507705083927092 0.20789040213663545 0.1018669672557992 0.9728333370529465 181.97072970460175
0.977816988164521 -0.026162626578060684 -0.2078207271361537 -23.00124174277044 0.0026139931616853914 0.9936156888175324 -0.11278754352946377 -14.652166256599042 0.20944475332796805 0.1097423341568652 0.9716426891595427 183.33673389085524
0.9781492026137805 -0.017710138674036743 -0.20714846949511767 -23.283726359300204 -0.006471581365133519 0.9932887524366976 -0.115479751114136 -14.842571829892371 0.20780340724025145 0.114297004645331 0.9714699885577759 184.56145787021222
0.9782908021358487 -0.014135619491735732 -0.20675417944501254 -23.588169494681388 -0.009899755390645798 0.9933443262361591 -0.1147564568015064 -15.035177033190472 0.20700024468488193 0.1143120019771134 0.971639678535403 185.92358200360258
0.9784815626221485 -0.012866724744923334 -0.2059327050345692 -23.923449948955724 -0.01065166395004345 0.993573137726673 -0.11268967141255085 -15.216151230283597 0.2060591508853996 0.11245829174548137 0.9720559443540655 187.379877466928
0.9784899953141925 -0.013035272907257566 -0.2058820311009754 -24.242093011985634 -0.010220011013647518 0.9937131588146099 -0.11148860647425178 -15.397652964256338 0.20604096787995985 0.11119460265194107 0.9722051634794809 188.76134257415632
0.9773938204312522 -0.013579159553925252 -0.21099034624505592 -24.46325818413728 -0.010212098302811614 0.9937385486297082 -0.11126279708678136 -15.57346315147153 0.21118009572649907 0.1109022244733157 0.9711352448427638 190.24672347684978
0.9778469318857874 -0.017515346551213028 -0.20858712912531696 -24.786003594596064 -0.004482870616552505 0.9945120476882875 -0.1045260296475661 -15.831059350273684 0.20927322254073988 0.1031455265052228 0.9724020355230505 191.54641068224055
0.9782140224301826 -0.020073109425866726 -0.20662622437371786 -25.13124354469615 -0.001685698602746677 0.994513530750544 -0.10459443376349759 -15.999815929964612 0.20759211146183176 0.10266405131331634 0.9728132440642205 192.88508087612064
0.9785283492746087 -0.02482784419081891 -0.20461145573682882 -25.457916146073437 0.0034208425450908816 0.994538015074558 -0.10431890724043799 -16.183483258919985 0.20608388462514382 0.10137906452711974 0.9732685743274639 194.21072395011316
0.9783543954677739 -0.02604335641557532 -0.2052910627755064 -25.75618151790621 0.00427915242921975 0.9943830156702977 -0.1057549384233725 -16.346984681506385 0.20689215964693577 0.1025873370989578 0.9729704376514065 195.68349327244164
0.9776806482643168 -0.030489737802873472 -0.20787237887265358 -26.012828405010964 0.008956804329647185 0.9945629213769926 -0.10375148711349741 -16.53975510306507 0.20990551604392027 0.09957394895641093 0.9726380123270729 197.14611199176437
0.9771596082248734 -0.03193118095476184 -0.21009402594230317 -26.267620468332908 0.00955072968960196 0.9942464898804357 -0.10668974141326318 -16.68746296645957 0.21229197727706792 0.10224635466982263 0.9718424766084901 198.63080255176536
0.9768210858273849 -0.030583585969972724 -0.2118613002703062 -26.553437951570533 0.006434838868208602 0.9934888136529082 -0.1137478351234758 -16.849810755161588 0.21396064855890626 0.10974799048617989 0.9706576221575225 200.04969943938025
0.976688515275988 -0.025389258952171544 -0.21315470827041205 -26.847793574222045 -8.66186574891867e-05 0.9929340873481495 -0.1186671423743989 -17.04473386544472 0.21466144652730051 0.11591929827236432 0.9697851203554568 201.48017859046843
0.9774479089229035 -0.015857047952637038 -0.21058048193617113 -27.22197001492731 -0.009440168826915372 0.9928990092947563 -0.11858516160975155 -17.256091978522278 0.21096556248535378 0.11789873354586733 0.9703573671970123 202.8774175620433
0.9770610895837378 -0.006845740803209145 -0.21284915563443849 -27.529481557331124 -0.018591797893131583 0.9929250216164242 -0.1172784997308752 -17.44048402449484 0.21214611067030936 0.11854550721507467 0.9700211288660572 204.3968403879031
0.9779169169962375 -0.0050552779355206925 -0.20893287825894677 -27.91291075410477 -0.019692238079643938 0.9930309266621091 -0.11619722222156387 -17.626299929660142 0.20806421896132915 0.11774558529977931 0.971002192546661 205.77756962224555
0.9775297793889411 -0.00734651770263801 -0.2106693121587762 -28.207511392302138 -0.016920636714884477 0.9934330343231257 -0.11315696341237837 -17.85926001968423 0.21011716365154473 0.1141789603788384 0.9709860671224051 207.21371259242892
0.9773981239221231 -0.009278611819312683 -0.21120325451142882 -28.540821825609466 -0.015384661953028485 0.9932656917027494 -0.1148328257200436 -18.03373684257221 0.21084643589613736 0.11548667909748499 0.9706732753202431 208.64620350243794
0.9775238996931014 -0.009792307028164592 -0.21059709459500214 -28.888917181017423 -0.014823966170195251 0.9932557668519344 -0.11499231123149448 -18.234431748676084 0.21030281870620537 0.11552961671555155 0.9707860897776504 210.0632447652174
0.9779406972844229 -0.006971110532573455 -0.20876636753269953 -29.26424714898309 -0.019522447035385995 0.9920180007742709 -0.12457592143576428 -18.311946473539894 0.20796842706672122 0.12590349382666838 0.9699986822597386 211.46429919953937
0.9779466986588107 -0.007395960553154119 -0.20872363150785792 -29.592779104024206 -0.018465910161389015 0.9923970587368376 -0.12168437850597721 -18.559907790246648 0.208036690860635 0.12285510806625306 0.9703748542072714 212.891518444276
0.9779941444113471 -0.005601770905493578 -0.20855712325365025 -29.925083743096543 -0.01998857701750538 0.9925251746270879 -0.12039200355623372 -18.77727070202154 0.20767260359982778 0.12191143463265211 0.9705718375369619 214.3138515202632
0.9778042169485988 -0.006370752585444003 -0.20942379718893375 -30.243072563480055 -0.019440749649912083 0.9924669331927153 -0.12096050500926385 -18.997746521709672 0.20861680318369877 0.1223470474941748 0.970314500251784 215.74063522777004
0.97797058874108 -0.00635359948457836 -0.20864601441440037 -30.585441872518505 -0.019817702709399622 0.992195887679389 -0.12310393629543921 -19.196090918163147 0.207799870588859 0.12452691374036125 0.9702124826745694 217.16376726129005
0.9785297887999183 -0.008075071763076997 -0.20594719140402867 -30.94167377582362 -0.017605181902566616 0.9923053981595907 -0.12255633134813487 -19.42383460249774 0.20535216093667993 0.12355075879717434 0.9708582285788568 218.56675768210482
0.977697729005234 -0.008841738383361324 -0.20983082318946175 -31.199915640494677 -0.017613007575261783 0.9921417065017947 -0.12387338771447569 -19.59742997553027 0.20927716708270117 0.12480648173098764 0.9698589636930564 220.0757463167695
0.9783884344371614 -0.00973041797867099 -0.20654633941457198 -31.612708570389398 -0.01694784508094391 0.9917576669026628 -0.12700197119296866 -19.74494450371136 0.20607969794890435 0.12775777512835684 0.9701593214454713 221.48401101783682
0.9789461999336998 -0.010630095374392209 -0.2038414548311978 -31.99977953911226 -0.015112589774621965 0.9921275413572601 -0.1243163356550645 -20.00145949570118 0.20355821591297182 0.12477957666513428 0.9710788381905944 222.7610201530392
0.978620203885868 -0.011693182722562376 -0.20534304474268966 -32.33211454698663 -0.014183390409395773 0.9921691378278379 -0.12409364761525904 -20.233778056022363 0.20518608135757233 0.12435301130162602 0.9707909149746602 224.23953001473876
0.9792465409279982 -0.015065925059651026 -0.2021119243949915 -32.71937773247402 -0.009013558094950583 0.993009156682573 -0.1176926952492575 -20.55895275316907 0.20247214092565646 0.1170719122875455 0.972264984200457 225.5426569323323
0.9782393140473303 -0.014593438779571671 -0.20696588123841897 -32.953397970802534 -0.009303871397001378 0.9934344515348675 -0.11402380663986382 -20.864922470829075 0.20727103615613224 0.11346815433505562 0.9716808609428076 227.0692873684492
0.9768787982087039 -0.013178825096722337 -0.21338728214068467 -33.13285952885405 -0.012595543855576104 0.9928169463767411 -0.118978415110244 -21.025897515929536 0.2134225055735702 0.11891522003609711 0.9696958309482735 228.68704298056733
0.9769885309986275 -0.010805488326249823 -0.2130179610248284 -33.48854213456172 -0.016220897556600857 0.9920595413736267 -0.12471867884165644 -21.17210942091802 0.21267414694692557 0.12530406135309974 0.9690555192706002 230.20532982785727
0.9771465874852794 -0.011552612167163561 -0.21225240568245327 -33.83005696980162 -0.015291285865115451 0.9921148206126035 -0.12439597781847209 -21.394607395638346 0.212015855875133 0.12479871743306382 0.969264957060036 231.68093017748546
0.9768545843177532 -0.014054009076531648 -0.21344227773865904 -34.16970849133098 -0.01209136180250272 0.9926158149623616 -0.12069649065473376 -21.680369926160147 0.21356245004014937 0.12048372801123038 0.969471377203763 233.20959954061405
0.9758327625483872 -0.013307189912214105 -0.21811313173173144 -34.407454758334325 -0.014405679547322529 0.9920551239483605 -0.12497642755569466 -21.845814340205653 0.21804333499092207 0.1250981604358926 0.9678881930892578 234.8461518598933
0.9755713307079859 -0.010231860479600167 -0.21944449806676858 -34.73968528842628 -0.0189366578787742 0.9912799266676282 -0.13040517617872582 -22.019177484133976 0.21886521351971977 0.13137509663915903 0.9668705199218844 236.38680268948357
0.9756690484732262 -0.0047298857230292654 -0.21919748181125845 -35.07203969388962 -0.02651475458370564 0.9898839765854055 -0.13937962795484402 -22.15189687241992 0.2176393246651809 0.14180035641884708 0.965673745774818 237.88848870026337
0.9774655307719505 -0.0066730309639653086 -0.2109895893414257 -35.56544065737059 -0.02706588564792774 0.9872887692472062 -0.15661520983745747 -21.972319193856396 0.2093527501295435 0.15879658930874935 0.9648601293644075 239.2751303951368
0.9768845340717344 -0.006420003007614496 -0.21367122092793192 -35.98091499987526 -0.027853352864970534 0.9872050142229712 -0.15700461976388902 -22.219510776834802 0.21194527082629278 0.15932684473875164 0.9642064917433188 240.96555124454036
0.977930292361569 -0.00698243091726645 -0.20881472395428008 -36.40416144309584 -0.026717953253624364 0.987056397662024 -0.15813228262567505 -22.481961322597353 0.20721605694432563 0.16022145141320793 0.965085795280133 242.37843681553264
0.9782811194042461 -0.005634305526540083 -0.2072059507311729 -36.763101340483516 -0.028571247740670228 0.986423645493976 -0.16171603325866366 -22.749482301207944 0.20530400682820873 0.16412387459358155 0.9648386489816154 243.8566409272149
0.9788227997475699 -0.007967212695829716 -0.20455427205558097 -37.144238553955596 -0.02583284032516069 0.9864467747160844 -0.16203525854878187 -23.05582251902512 0.20307287129270682 0.1638880232783816 0.9653507780961468 245.27875349012024
0.9780147554954438 -0.005846062749320394 -0.208453739672664 -37.40743752732749 -0.028963428745637648 0.9861106518886453 -0.16354480128407783 -23.313697927647432 0.20651454628786908 0.1659867638761695 0.9642614460764404 246.84309986963729
0.9769180292651316 -0.008067393118403592 -0.21346213075158094 -37.64455643549271 -0.02775734510450155 0.9860202373696242 -0.1642973563095308 -23.5744849352315 0.21180343219476355 0.16643019156939215 0.963037017691786 248.36718617113468
0.9756980613427442 -0.008206419170944475 -0.2189656314959079 -37.918423821952494 -0.029378943400218654 0.9853762277615775 -0.16784089920830295 -23.81714508678953 0.2171409007458015 0.1701950188658758 0.9611885791958527 250.00136507738767
0.9749266767474056 -0.00880715617200054 -0.22235199339430675 -38.21165387650114 -0.02934687039189031 0.98540026073559 -0.16770535871114708 -24.112931204813208 0.22058271955087896 0.1700257631725117 0.9604345389942716 251.52293875907034
0.975187944847351 -0.006869258484570253 -0.22127197181810432 -38.62816403595029 -0.03126427992143774 0.9852273436593483 -0.16837347209979303 -24.4081178521578 0.2191597979224156 0.17111368908949992 0.9605670660504573 253.04927610893137
0.9737093398884549 -0.007255422238008948 -0.22767845805463843 -38.899999421387484 -0.03267233389755201 0.9847102167563466 -0.17110905181596078 -24.655345654937282 0.22543877220140437 0.1740492684954998 0.9585844835613084 254.71661422942023
0.9734150999677188 -0.005579390446019632 -0.2289801597455269 -39.247227889455424 -0.03553203234546014 0.9839227348050197 -0.17502436005086172 -24.903203285173504 0.226275314235198 0.17850748537824254 0.9575670001789401 256.24614328720617
0.9738907232660362 -0.006827739654106254 -0.22691461193050708 -39.6511686342599 -0.03366664127457781 0.9841512663606179 -0.17410583616318698 -25.21699949306164 0.22450705200871984 0.17719951154562893 0.9582259215374732 257.6936872662352
0.9737692533816389 -0.00954670520200244 -0.2273374179240008 -40.01923847876421 -0.030307769864943723 0.9847746406661567 -0.17117343890527284 -25.537521207611512 0.22551026640572183 0.1735735219456866 0.958653927246421 259.19397468741937
0.9743651864258316 -0.011964379209824733 -0.22465381615160182 -40.40161151453097 -0.027463537872691356 0.9847905567454701 -0.17156139843351684 -25.827716815702328 0.22328958231155724 0.17333324255627458 0.959217050232143 260.62987176646857
0.9739780969447278 -0.014450559709458024 -0.22618100715137382 -40.75586555028414 -0.02564429678772295 0.9845298496005411 -0.1733301626601693 -26.127206482187546 0.22518667081821214 0.17462003484600813 0.9585399348572727 262.1352394101734
0.9744889865466363 -0.013847547337194007 -0.22400772426872637 -41.164729993870125 -0.02666328464416801 0.9838832655929826 -0.17681286417586822 -26.398655389397167 0.22284587577806744 0.17827497053381966 0.9584141852716221 263.6209068094879
0.9744551165980857 -0.01411929621347593 -0.22413806283236945 -41.50263585697298 -0.0264892482060366 0.9838293265042696 -0.1771388608962917 -26.682792883041778 0.22301467544825448 0.17855111812753527 0.9583235115294376 265.0947270719036
0.9741475946340038 -0.014640563588564349 -0.22543761391257117 -41.85099128772708 -0.02607539767502087 0.9839416582744481 -0.17657544208700238 -26.988923246745625 0.22440262365862396 0.17788891761416775 0.9581226411504853 266.6236375371949
0.973976461596798 -0.015613529462990713 -0.22611074709771997 -42.22846103889717 -0.025955561951388942 0.9833773665908588 -0.17970883028002982 -27.291608982867313 0.22515808015518468 0.18090100213801305 0.9573811499952827 268.17058078925885
0.9741492839603513 -0.01431496838592556 -0.22545122363749617 -42.59482862328275 -0.028105095969150513 0.9825568944869484 -0.18382614796793698 -27.573963580352338 0.22415011965220855 0.18541043869285 0.9567547716544827 269.64954417330824
0.9742808470393471 -0.011909932911517604 -0.22502218688461553 -42.956667936732956 -0.030947762810064644 0.9820672516213219 -0.18597351765774764 -27.876844626145658 0.22320185274621687 0.18815436957718484 0.956440727980393 271.15793809008096
0.9749368068370017 -0.007369826489614427 -0.2223598622323348 -43.33746618454742 -0.03539311381896651 0.9815857584455211 -0.18771448082428327 -28.172799030507893 0.21964869717043126 0.19087976444465143 0.9567232438677774 272.625349367666
0.9748216005803917 -0.0016327003048345991 -0.22298022632421252 -43.67484772900679 -0.042673655356068284 0.9801250192208851 -0.19373669202247842 -28.448337891047533 0.21886481256801912 0.19837409353788074 0.9553773667156796 274.1150717984117
0.9753677520482795 0.0004482554539734704 -0.22058455823409917 -44.050823547375416 -0.045128773171448026 0.9792519177752552 -0.19755777728433377 -28.753055829690627 0.2159192953312067 0.2026461956231464 0.9551509709481203 275.5680431218275
0.975149804385008 0.002778450083488379 -0.22152909340087348 -44.383505455510125 -0.048513226777420766 0.9783316165218618 -0.20128019013644904 -29.06379771160682 0.2161696690924101 0.2070254291840889 0.95415467605395 277.06104819957346
0.9758789973864117 0.0035819882452762146 -0.2182827336742446 -44.78063329914374 -0.04912611160852223 0.9778244811942429 -0.20358268378091118 -29.397529886168915 0.21271297002843453 0.20939544727004517 0.9544143434820417 278.55194512878495
0.9759256722269806 0.0043333782253438214 -0.21806032220803248 -45.16538027529714 -0.05079289789876774 0.9768280917746361 -0.20791094401923674 -29.727207530084048 0.21210649167661125 0.2139815434870051 0.9535317169531149 280.0821091098428
0.976088358945578 0.005545929176164035 -0.21730337825376786 -45.53069210517246 -0.0527440319578988 0.9758427449241565 -0.21201180219910779 -30.044989515904394 0.21087812267694214 0.21840370841279805 0.9528012581476699 281.5912578625732
0.9752538795518384 0.0039054823543562796 -0.2210534270864546 -45.82376515535606 -0.05074041863433383 0.9771098167580128 -0.20659577902739615 -30.457596703186834 0.2151866174647006 0.21269967842642365 0.9531283053510653 283.0462400813973
0.9762632664535029 0.007063127780320354 -0.2164720462311342 -46.21959203730048 -0.05344000284668525 0.9764224782742548 -0.20914901390279209 -30.792326835021193 0.20989092564777992 0.2157527662550888 0.9536228516473334 284.45028789255923
0.9765206741880657 0.00749950451280324 -0.21529312649350213 -46.56522616092476 -0.05363673949502941 0.9763851829275544 -0.20927272812258688 -31.20321116694975 0.2086395769254414 0.21590676689624702 0.9538625660695462 285.8554890464145
0.9761850396375875 0.0011536244565963983 -0.21693648272794844 -46.853773263243745 -0.04740342507571486 0.976955251379353 -0.2081137960189036 -31.584076933733257 0.21169715085199317 0.21344110652102596 0.953743786542395 287.28920871155617
0.9754877491240461 -0.0013689804096337615 -0.22004948807379365 -47.18623633633878 -0.0455797176057203 0.9770375166481045 -0.20813500523720027 -31.941909703556615 0.2152815381120349 0.21306294129844525 0.9530257301843266 288.8067905793529
0.9754129925945489 -0.0017779931137071473 -0.22037770444905028 -47.55561322776145 -0.04622139350408193 0.976077014678631 -0.21245527576079193 -32.266826565703454 0.2154833558776322 0.21741780091920032 0.9519960205710789 290.30922257596825
0.9752650937342399 -0.0028791061485332063 -0.22101969978110217 -47.93185609528261 -0.046183463205214104 0.9751916159288591 -0.21649110824335224 -32.56894089109733 0.21615985906249063 0.22134367614605072 0.9509373756248272 291.8207586765121
0.9742183467799211 -0.004294125408135914 -0.22556633898783507 -48.224177327453035 -0.04645363466463377 0.9745766500075218 -0.2191857958138764 -32.91025743910252 0.22077289830013236 0.22401319993941618 0.9492509750477265 293.3767252782511
0.9727022915679306 -0.003085829412285846 -0.2320360524473148 -48.478755719066896 -0.04445389104254566 0.9789153256298531 -0.1993706016898609 -33.62399683129899 0.22775887150596869 0.20424314652844053 0.9520560033666541 294.6312440940055
0.9767264960511934 -0.006110431794336739 -0.2144015264284353 -49.119756856434776 -0.03753321187385068 0.9793015775502356 -0.19889614931932068 -33.901789248907605 0.2111790944151173 0.20231431692025084 0.9562804542868687 295.5380276560909
0.9758028725819103 -0.0068342206792274185 -0.2185452980244548 -49.425561282397446 -0.03800190404392734 0.9789987890553908 -0.20029285138795 -34.23507354430592 0.21532442766654789 0.20375147718676048 0.9550501172159936 297.1608866858815
0.9764163404078905 -0.002607162974950966 -0.21588036706862182 -49.88391550332223 -0.041783007986924504 0.9787402520622327 -0.20080263752431854 -34.58697717166594 0.21181433008185632 0.20508710757719603 0.9555490400170944 298.6995275989657
0.976795983874521 -0.0031538441632944533 -0.21414868468799556 -50.237928181403994 -0.040135915573334145 0.979481507785448 -0.1974970485537354 -35.00184702711708 0.21037755148231768 0.20150937738313826 0.956627020661115 300.2432665008005
0.9768896661067114 0.0014453356928287241 -0.21373930677030836 -50.606429845531785 -0.043997300599991226 0.9799228213106614 -0.19446208323081454 -35.41889515978399 0.2091669615255505 0.19937195208777317 0.9573400685894622 301.80352077972833
0.9760583972780642 -0.0017456892188965878 -0.2175016268263896 -50.90875805022323 -0.042473683457574705 0.9791875161811076 -0.19846358449000037 -35.716887973008085 0.21332133347727064 0.20295014344470136 0.9556700518271203 303.32376970636165
0.9744983317750427 -0.003080940213569307 -0.22437359286479655 -51.09243893224189 -0.04127430465361126 0.9803845011287803 -0.1927243153362696 -36.214278673529996 0.22056616500047804 0.19707038781580924 0.9552558971831082 304.8388731218866
0.9739952430744233 -0.006638787919729764 -0.22647117468532368 -51.445966868090366 -0.038841361259423564 0.9798801019366025 -0.19577112781058614 -36.56196431471702 0.22321428073469815 0.1994765959296248 0.9541406985096156 306.3893524189964
0.9745646151944105 -0.006096694011925004 -0.22402375127002538 -51.89764040659547 -0.039658989935876264 0.9791611454694009 -0.1991748370661241 -36.876981391701655 0.22056966094237768 0.2029933041387721 0.9540140162212426 308.09025575035884
0.9734329563175671 -0.0048396622463672484 -0.2289210720405213 -52.24368248346422 -0.042529206271885216 0.978557914797543 -0.20153330742328537 -37.22998512395944 0.22498788004851297 0.2059149947342984 0.9523546969353628 309.6506118995631
0.9734722197740938 -0.004192118924518799 -0.22876683209552076 -52.71362564276273 -0.04299561361955862 0.978669118515133 -0.20089333904908474 -37.598402243394474 0.22472920268086052 0.20540005502369177 0.9525269564997549 311.1877723125843
0.9728331930639764 -0.002993959736162397 -0.2314878283583074 -53.10258685801115 -0.04452422550404023 0.9788299085859997 -0.19977388067710247 -37.94685441990001 0.2271853248258181 0.20465347850115348 0.9521049216977938 312.8245196947648
0.9728395174411799 -0.002175441849113304 -0.23147038851130042 -53.49885936171163 -0.04524018792261893 0.9788858472589073 -0.1993384645093303 -38.26736325317132 0.22701673661106467 0.20439609949549567 0.9522004178792859 314.39712960820543
0.9725360791503681 -0.004107619623812582 -0.2327159259953083 -53.876254151147414 -0.04308571245467057 0.9793868055345204 -0.1973451456893767 -38.64467494650051 0.228729526150651 0.20195200569916108 0.9523120241081602 315.95820290083253
0.9721792754167288 -0.00510112904728298 -0.2341824821216271 -54.25475329366463 -0.04303481053542918 0.9788553025844402 -0.19997575274143606 -38.99183884663155 0.23025086651820253 0.20449028114990517 0.9514033126822956 317.50374207986937
0.971864006535987 -0.0058574722855404306 -0.2354698342001411 -54.63294976963156 -0.042371573368778385 0.9790350603098384 -0.19923604205656567 -39.36488584464207 0.23170024292191022 0.2036075654354119 0.9512407459352173 319.0833655865183
0.971469996506997 -0.008066387037446679 -0.23702527140973048 -55.02269064963126 -0.04015069689761297 0.9794011652163493 -0.1978920895627055 -39.74798243210194 0.23373910119047364 0.2017629573856906 0.9511349754906745 320.64948032367363
0.9699069123262541 -0.010374180937749737 -0.2432549234684089 -55.29763209410471 -0.03870956380631404 0.9798136736784355 -0.19612938215039077 -40.14559558474657 0.24037918190158583 0.19964353543914212 0.9499264748735455 322.28660815544083
0.9695552043984429 -0.009450537909143533 -0.24469040225787358 -55.68509321131461 -0.040693595451747604 0.979142018037992 -0.19906014116768578 -40.478777902031666 0.24146787967160724 0.20295712809782604 0.9489476630674514 323.86758665525554
0.9698517330075525 -0.011198375594764895 -0.24343831326700488 -56.13666146745624 -0.038624939810153476 0.9792528157822162 -0.19892721484820533 -40.83836518371364 0.24061531540387868 0.20233269426032133 0.9492975038555865 325.26561886630464
0.9694249173958879 -0.012501093126697177 -0.24506948443780613 -56.50324470325028 -0.0368604048274529 0.9799514590575406 -0.19579695719534226 -41.20084866016244 0.24260387484113038 0.1988438094626939 0.9495285668953984 326.76407014868073
0.9693380466145262 -0.009490367385501382 -0.2455477230853939 -56.93048521593362 -0.03952692160736608 0.9802199270552687 -0.19392399818488154 -41.54625885043001 0.24253118119899206 0.19768365519347597 0.9497893443367137 328.3163210499723
0.96841072967188 -0.011368860471196469 -0.24910119965179217 -57.29177575880195 -0.038820082580693964 0.9799070918469454 -0.19564021196188497 -41.900556297780135 0.24632023839872308 0.19913020956060315 0.9485112017238081 329.8843070085596
0.9677345661340377 -0.0094542378287246 -0.25179441395003677 -57.69823371404687 -0.04162419231816253 0.9795683850767257 -0.1967567167139082 -42.2544648706856 0.24851003223859047 0.20088901499398742 0.9475686611172387 331.5079041934358
0.9668446593972572 -0.007677424509558744 -0.25524980264027713 -58.09666735123016 -0.04498243254088493 0.9787982180120479 -0.19982649769023486 -42.60339934499236 0.2513722048232565 0.20468293912620272 0.9460004804824098 333.07032010067627
0.9673398343597792 -0.011400951316513272 -0.2532265056621681 -58.57765018703276 -0.0426139985572246 0.9774556773924481 -0.20679566209240602 -42.900511883400306 0.2498753529017187 0.21083267546172788 0.9450459729398818 334.60882523224245
0.9665200262069971 -0.009473492326365837 -0.2564162473088756 -58.97667880996329 -0.04497572023657576 0.9775922627431115 -0.20564666886192343 -43.29886190554887 0.2526187315501871 0.21029412918088483 0.944436422265694 336.1638151767513
0.9657209174395596 -0.007688406466799144 -0.2594686840944295 -59.39631565962739 -0.047362678910896454 0.9775636325109047 -0.20524648849242064 -43.62926762099088 0.25522516777558785 0.2104999591403461 0.9436895045171543 337.70425980310046
0.9650195786140559 -0.004114037511612466 -0.2621455465707951 -59.81847869931771 -0.05202072166607359 0.9769922615218877 -0.2068331826465225 -43.97202944291316 0.25696508986414623 0.21323507127511168 0.9426026453227286 339.31607542228573
0.9646981080908247 -0.005394049384636733 -0.26330298987519585 -60.26184047371491 -0.05168786770368967 0.9764673599535025 -0.20937970120736177 -44.324969831182656 0.2582361798397491 0.21559777173401953 0.9417174078486045 340.8414212728685
0.9642402182663825 -0.006407962191017904 -0.2649523343889527 -60.70775050736774 -0.051693298846602995 0.9759598905553105 -0.2117311854253488 -44.69033437853664 0.2599396167034812 0.21785598465001188 0.9407285291837477 342.34086650551865
0.9639802896148489 -0.008085614632142005 -0.26585075525582075 -61.16881530250464 -0.04931305323786346 0.9767745489962809 -0.2085178726475811 -45.09931880869823 0.2613622467274672 0.2141170317119443 0.941192686285031 343.8540840657572
0.9642013530579505 -0.009533740758655778 -0.26499973310998326 -61.60931642212265 -0.048574330471345795 0.9760934439977461 -0.21185401342405666 -45.39174805265855 0.26068426339247275 0.21714211100513575 0.9406875243393809 345.32152708940106
0.9642868721373367 -0.01009906643208357 -0.26466740842194836 -62.08218409297304 -0.04806102664521798 0.9760116492615958 -0.21234735275832414 -45.792417693131284 0.26046298382188166 0.21748395196625644 0.9406698489351815 346.88017146917446
0.9635255120403154 -0.010811530043097907 -0.26739801507410865 -62.499505032428104 -0.04822015852337505 0.9758161350051362 -0.2132080837482936 -46.15911148013166 0.26323640318053787 0.21832540274041878 0.9397024074454652 348.3078009407501
0.9634682015387489 -0.01212099033933376 -0.2675483250122877 -62.96241091093605 -0.04706083578804123 0.9757701694144123 -0.21367698569546723 -46.52613983582003 0.263655651103135 0.21846202890700187 0.9395531063049146 349.78935147205306
0.9631492509445824 -0.012817958263591923 -0.2686619071450973 -63.38741936455423 -0.04755607045853668 0.9750111872598201 -0.21700600194635034 -46.8843835524749 0.2647299389329262 0.2217856728108233 0.9384717229455641 351.4128848137706
0.96268670125551 -0.012620069723933376 -0.2703239705722472 -63.82129862931576 -0.04843188010176355 0.9747500127712561 -0.21798340669015448 -47.262055861077805 0.26624925955876483 0.22294202484637118 0.9377676606397799 352.95740757164657
0.9624104135974428 -0.013351999131404514 -0.271270934525599 -64.27145591160331 -0.0484603828896966 0.9743217999947763 -0.2198831993243768 -47.63144707058053 0.2672410654996362 0.22476377415885912 0.9370504035197255 354.4657433477117
0.9622916920848638 -0.014609376030593845 -0.27162707058841556 -64.72512749906076 -0.04689222356701145 0.9746987198957768 -0.21854867833614586 -48.06888526139718 0.2679474178143704 0.22304477479988513 0.9372594143144553 355.9839104227162
0.9610673900247746 -0.015168258091426834 -0.2758974370621038 -65.13325320677325 -0.048683904739192166 0.9735763997003775 -0.2231117911850398 -48.437546354934504 0.2719914506934196 0.22785723138167774 0.9349340794177745 357.67226313747295
0.9601078769305791 -0.016937429392934633 -0.2791164419044731 -65.54797113416261 -0.04815986243540741 0.9732327920392067 -0.22471884689490004 -48.82046529960797 0.2754514336612834 0.22919654444413048 0.9335927654544078 359.2103030664269
0.9600297252829887 -0.014601198268682183 -0.2795169611708486 -66.02823352193799 -0.05082860570276575 0.9729395670600662 -0.22539975974096346 -49.17127610859526 0.2752442177692018 0.2305979268295575 0.9333087467320371 360.7371532499166
0.9594106530261013 -0.017987189993798388 -0.28143855431719833 -66.45653836305834 -0.048450861119386596 0.9726122267759328 -0.22732789178354623 -49.537027400261486 0.2778195689954498 0.23173674141596276 0.9322630367879494 362.24573034431535
0.9594823367890563 -0.017287098017262154 -0.2812379804221891 -66.92954914975769 -0.049746545825062535 0.9720443933275946 -0.22946672651795055 -49.92341853952643 0.27734261585318076 0.2341598890555992 0.9317994525589616 363.7599056185724
0.9591937077996743 -0.016243554382491192 -0.28228279766669184 -67.38489034745253 -0.051196761417946726 0.9718688772886902 -0.22989079359107698 -50.332554754575675 0.27807610925396903 0.23496176773816702 0.9313788945233441 365.260656710669
0.9597530239072332 -0.015123024811708085 -0.28043792044134225 -67.87733077640839 -0.05219683640914425 0.9715461503009107 -0.23102720208745475 -50.708174040969794 0.2759522121125273 0.23636702806445967 0.9316549815646208 366.74695963256534
0.960183511913034 -0.015246969893132236 -0.27895367600988685 -68.3911934026656 -0.05218190524557905 0.9711487155788904 -0.2326955543073684 -51.09646952068829 0.2744534062738018 0.23798676883085307 0.9316853683761241 368.25458590542627
0.9589708953171268 -0.015722323918979673 -0.28306824347717446 -68.79180794941632 -0.05359747512785158 0.9704014723054285 -0.23547461265999925 -51.479335615084814 0.2783920483680984 0.24098504326626577 0.9297440918485941 369.8108405090945
0.9586172937101612 -0.019304772240247698 -0.28404261998607927 -69.2483931829012 -0.05030610056230002 0.9705135529365906 -0.23573871089113113 -51.9046875563761 0.2802180944300704 0.24027228166217734 0.9293799278114565 371.31047252253313
0.9586963854515065 -0.017161510305762327 -0.28391323161529347 -69.72560056306462 -0.05327032692604311 0.9696821263601183 -0.23849286380710183 -52.28666494656647 0.27939848387456667 0.24376639715462325 0.9287165503138427 372.8017605723674
0.958799736351496 -0.013254159410993753 -0.2837734885971688 -70.17561189061878 -0.05777954653332828 0.9689332471211488 -0.24047845355804867 -52.67375071414822 0.27814490751171844 0.24696698135899778 0.9282471225615075 374.3403526316863
0.9589660276538621 -0.0151084199819556 -0.28311816164177545 -70.65586141733046 -0.05518355867196479 0.9695354561418119 -0.23865408887380776 -53.117274696352446 0.2780987821945061 0.2444846312747252 0.9289178286653726 375.8187592963597
0.9586295149430951 -0.013181285226743698 -0.2843513791064414 -71.1115533808418 -0.056686937110828124 0.9700796336079386 -0.23607646138503835 -53.55913350334834 0.27895527283232496 0.24242887241180597 0.9291997619350642 377.33544791848834
0.9590137365950359 -0.011276501252950068 -0.28313511534516067 -71.60286028353129 -0.05973748435720141 0.9687050098403193 -0.2409191500751674 -53.90542331337257 0.2769911297942559 0.24795855385479268 0.9283277813280921 378.83015922631057
0.9583225061487961 -0.009093998629467227 -0.2855438204507604 -72.04103831316174 -0.06411293451423457 0.9671538930090102 -0.2459733295816653 -54.27018525259663 0.2784016986957197 0.25402882991196946 0.9262622996413542 380.3546591167588
0.9569437900413325 -0.009369037574470251 -0.29012204989668827 -72.46403971254223 -0.06542502453462813 0.9667991086984007 -0.24702034245102683 -54.69843024345319 0.2828040821239531 0.25536582495492116 0.9245594337732524 381.90558805623846
0.9563715575612908 -0.009031258904309399 -0.29201349326767734 -72.89489248054406 -0.06642170093913104 0.9666256986359557 -0.24743265019173305 -55.11772242559661 0.28450237526625527 0.2560335819754027 0.9238534534051922 383.3044568827355
0.9558838730215803 -0.008398202053434237 -0.29362474606124567 -73.37933507629315 -0.06783372377935118 0.9662622774645896 -0.24846689330205093 -55.55230744490187 0.2858051910226405 0.2574231562063052 0.9230648468191669 384.8519452095164
0.955254866514808 -0.010352433416592687 -0.29560271839434965 -73.84835417713859 -0.06700835595431688 0.9658296731256073 -0.25036557818994193 -55.981989778221376 0.2880937698598735 0.25897078914896837 0.9219197959342681 386.3703813318719
0.9550524504743916 -0.012739689703960005 -0.29616299084980907 -74.33931820018708 -0.0653841175786466 0.9654177086986809 -0.25237584056215123 -56.412897499057614 0.28913618592510876 0.26039652078558484 0.9211915750545263 387.89610899147533